# Fe I+II lines: 4000<lam<6600, NIST grade B or better, or recent UWisc study; others from Ian
   4903.31      26.0      2.88     -0.89 
   4994.13      26.0      0.92     -2.97 
   5001.86      26.0      3.88     -0.01 
   5068.77      26.0      2.94     -1.04 
   5133.69      26.0      4.18      0.36 
   5194.94      26.0      1.56     -2.02 
   5198.71      26.0      2.22     -2.09 
   5202.34      26.0      2.18     -1.87 
   5216.27      26.0      1.61     -2.08 
   5232.94      26.0      2.94     -0.06 
   5281.79      26.0      3.04     -0.83 
   5341.02      26.0      1.61     -1.95 
   5367.47      26.0      4.42     +0.44 
   5383.37      26.0      4.31     +0.64 
   5415.20      26.0      4.39     +0.64 
   5434.52      26.0      1.01     -2.13 
   5497.52      26.0      1.01     -2.82 
   5501.47      26.0      0.96     -3.05 
   5506.78      26.0      0.99     -2.79 
   5569.62      26.0      3.42     -0.52 
   5586.76      26.0      3.37     -0.11 
   6065.48      26.0      2.61     -1.41 
   6230.72      26.0      2.56     -1.28 
   6252.56      26.0      2.40     -1.77 
   6411.65      26.0      3.65     -0.59 
   6421.35      26.0      2.28     -2.01 
   6430.85      26.0      2.18     -1.95 
   4508.28      26.1      2.86     -2.42 
   4576.34      26.1      2.84     -2.95 
   5197.58      26.1      3.23     -2.22 
   5234.63      26.1      3.22     -2.18 
  5528.405      12.0     4.346     -0.55                              Pehlivan17
  5711.088      12.0     4.346     -1.84                              Pehlivan17
