# RPA line list near Ba II 4554 A 
  4549.001   23.0051     1.852    -4.352                                 KURHFS 
  4549.001   23.0051     1.852    -4.419                                 KURHFS 
  4549.001   23.0051     1.852    -5.051                                 KURHFS 
  4549.004   23.0051     1.852    -4.156                                 KURHFS 
  4549.004   23.0051     1.852    -4.156                                 KURHFS 
  4549.004   23.0051     1.852    -4.896                                 KURHFS 
  4549.008      60.1     0.559     -1.51                                        
  4549.010   23.0051     1.852    -3.952                                 KURHFS 
  4549.010   23.0051     1.852    -4.051                                 KURHFS 
  4549.010   23.0051     1.852    -4.896                                 KURHFS 
  4549.017   23.0051     1.852    -3.782                                 KURHFS 
  4549.017   23.0051     1.852    -4.004                                 KURHFS 
  4549.017   23.0051     1.852    -4.993                                 KURHFS 
  4549.018 106.00112     1.805    -1.707               3.466          AX44P185  
  4549.019 607.01314     3.184    -2.568               7.724          1214Pb0015
  4549.026   23.0051     1.852    -3.636                                 KURHFS 
  4549.026   23.0051     1.852    -4.010                                 KURHFS 
  4549.026   23.0051     1.852    -5.197                                 KURHFS 
  4549.034 106.00112     1.806    -1.698               3.466          AX44P195  
  4549.037   23.0051     1.852    -3.507                                 KURHFS 
  4549.037   23.0051     1.852    -4.083                                 KURHFS 
  4549.037   23.0051     1.852    -5.595                                 KURHFS 
  4549.044      23.0     2.706     -3.56                                        
  4549.050   23.0051     1.852    -3.391                                 KURHFS 
  4549.050   23.0051     1.852    -4.294                                 KURHFS 
  4549.064   23.0051     1.852    -3.286                                 KURHFS 
  4549.159      42.0     3.396     -1.71                                        
  4549.167 607.01214     0.745    -2.339               7.724          0002Ra0325
  4549.192      26.1     5.911     -1.62                              MelBar09-L
  4549.204      24.0     3.419     -3.40                                        
  4549.216      24.1     5.869     -3.10                                        
  4549.233 607.01214     0.745    -2.353               7.724          0002Rb0315
  4549.281 607.01214     0.745    -5.664               7.724          0002Qd0325
  4549.286      21.0     3.099     -1.31                                        
  4549.290      24.0     3.553     -3.53                                        
  4549.398      26.0     3.015     -6.14                                        
  4549.417      42.0     3.161     -1.49                                        
  4549.423      44.0     0.997     -2.14                                        
  4549.466      26.0     3.879     -1.71                                        
  4549.466      26.1     2.828     -1.92                              DenHarto19
  4549.491      57.0     0.373     -0.92                                        
  4549.502 106.00113     1.571    -4.668               3.466          AX00P305  
  4549.510 607.01214     3.083    -4.196               7.724          1113Qc0145
  4549.511 607.01214     1.002    -4.247               7.724          0204Qc0055
  4549.520 607.01214     1.002    -2.357               7.724          0204Pa0065
  4549.532 607.01214     1.002    -2.431               7.724          0204Pb0055
  4549.543 607.01314     0.625    -2.443               7.724          0002Ra0245
  4549.565 607.01214     3.083    -1.524               7.724          1113Pa0155
  4549.565 607.01214     3.083    -1.554               7.724          1113Pb0145
  4549.594   27.0059     3.064    -1.849                                 KURHFS 
  4549.594   27.0059     3.064    -2.104                                 KURHFS 
  4549.594   27.0059     3.064    -2.134                                 KURHFS 
  4549.597 607.01314     3.186    -3.460               7.724          1214Qc0025
  4549.598   27.0059     3.629    -3.780                                 KURHFS 
  4549.599 607.01314     0.624    -2.460               7.724          0002Rb0235
  4549.603   27.0059     3.629    -3.517                                 KURHFS 
  4549.603   27.0059     3.629    -3.713                                 KURHFS 
  4549.604   27.0059     3.064    -1.661                                 KURHFS 
  4549.604   27.0059     3.064    -1.716                                 KURHFS 
  4549.604   27.0059     3.064    -2.104                                 KURHFS 
  4549.612 607.01314     3.186    -2.158               7.724          1214Pa0035
  4549.613   27.0059     3.629    -3.313                                 KURHFS 
  4549.613   27.0059     3.629    -3.517                                 KURHFS 
  4549.613   27.0059     3.629    -4.412                                 KURHFS 
  4549.619   27.0059     3.064    -1.461                                 KURHFS 
  4549.619   27.0059     3.064    -1.570                                 KURHFS 
  4549.619   27.0059     3.064    -2.155                                 KURHFS 
  4549.622      22.1     1.583     -0.22                              Wood13    
  4549.629   27.0059     3.629    -3.143                                 KURHFS 
  4549.629   27.0059     3.629    -3.412                                 KURHFS 
  4549.629   27.0059     3.629    -4.257                                 KURHFS 
  4549.631 607.01314     0.625    -5.533               7.724          0002Qd0245
  4549.632      58.1     1.365     -0.52                                        
  4549.639   27.0059     3.064    -1.263                                 KURHFS 
  4549.639   27.0059     3.064    -1.548                                 KURHFS 
  4549.639   27.0059     3.064    -2.280                                 KURHFS 
  4549.650   27.0059     3.629    -2.997                                 KURHFS 
  4549.650   27.0059     3.629    -3.365                                 KURHFS 
  4549.650   27.0059     3.629    -4.257                                 KURHFS 
  4549.661 106.00112     0.693    -4.646               3.466          BX12P 35  
  4549.664   27.0059     3.064    -1.099                                 KURHFS 
  4549.664   27.0059     3.064    -1.602                                 KURHFS 
  4549.664   27.0059     3.064    -2.502                                 KURHFS 
  4549.676   27.0059     3.629    -2.868                                 KURHFS 
  4549.676   27.0059     3.629    -3.371                                 KURHFS 
  4549.676   27.0059     3.629    -4.354                                 KURHFS 
  4549.693 607.01314     3.186    -2.313               7.724          1214Pb0025
  4549.694   27.0059     3.064    -0.958                                 KURHFS 
  4549.694   27.0059     3.064    -1.798                                 KURHFS 
  4549.694   27.0059     3.064    -2.912                                 KURHFS 
  4549.704 106.00112     1.667    -4.595               3.466          AX00P315  
  4549.707   27.0059     3.629    -2.752                                 KURHFS 
  4549.707   27.0059     3.629    -3.444                                 KURHFS 
  4549.707   27.0059     3.629    -4.558                                 KURHFS 
  4549.719 607.01214     0.819    -2.161               7.724          0103Ra0175
  4549.743   27.0059     3.629    -2.647                                 KURHFS 
  4549.743   27.0059     3.629    -3.655                                 KURHFS 
  4549.743   27.0059     3.629    -4.956                                 KURHFS 
  4549.762 607.01214     0.819    -2.185               7.724          0103Rb0165
  4549.787 607.01214     0.819    -4.974               7.724          0103Qd0175
  4549.813      22.1     1.179     -2.32                              Wood13    
  4549.848 607.01314     0.738    -2.672               7.724          0103Ra0045
  4549.850      20.0     2.526     -4.45                              DenHarto21
  4549.859 106.00112     0.806    -2.311               3.466          BX12Q 85  
  4549.862 607.01314     0.738    -2.760               7.724          0103Rb0035
  4549.866      24.0     3.553     -3.74                                        
  4549.868 607.01314     0.738    -4.401               7.724          0103Qd0045
  4549.901 106.00112     0.806    -5.201               3.466          BX12R 85  
  4549.914      26.0     3.684     -3.28                                        
  4549.937      26.1     2.889     -6.11                                        
  4549.947      44.0     2.898     -0.28                                        
  4550.025 607.01214     1.005    -4.315               7.724          0204Qc0065
  4550.032      62.0     0.282     -0.87                                        
  4550.035 607.01214     1.005    -2.294               7.724          0204Pa0075
  4550.049 607.01214     1.005    -2.357               7.724          0204Pb0065
  4550.060      64.1     0.556     -2.63                              DenHarto06
  4550.065 106.00112     0.806    -5.290               3.466          BX12P 95  
  4550.083      59.1     0.000     -2.13                                        
  4550.097 607.01214     1.230    -1.649               7.724          0204Pb0315
  4550.108      25.1     5.832     -3.66                                        
  4550.108 106.00112     0.806    -2.267               3.466          BX12Q 95  
  4550.149 106.00113     2.106    -2.192               3.466          AX55R205  
  4550.152 106.00112     1.943    -4.043               3.466          AX01R325  
  4550.167 607.01214     3.090    -4.224               7.724          1113Qc0155
  4550.206      26.0     4.604     -1.95                                        
  4550.208 106.00113     2.106    -4.178               3.466          AX55Q205  
  4550.224 607.01214     3.090    -1.497               7.724          1113Pa0165
  4550.224 607.01214     3.090    -1.524               7.724          1113Pb0155
  4550.234 106.00113     1.572    -4.610               3.466          AX22P235  
  4550.240 607.01314     3.187    -3.590               7.724          1214Qc0035
  4550.257 106.00113     2.106    -2.090               3.466          AX55R195  
  4550.258 607.01314     3.187    -2.045               7.724          1214Pa0045
  4550.293      58.1     1.122     -0.30                                BIEMONT 
  4550.350      20.0     5.386     -4.68                                        
  4550.359      26.0     5.067     -2.14     -6.99                    PKA17emp  
  4550.367 607.01314     3.187    -2.158               7.724          1214Pb0035
  4550.374 106.00112     1.943    -5.807               3.466          AX01Q325  
  4550.391      68.1     0.886     -2.51                              Lawler08  
  4550.409      76.0     1.840     -0.71                                        
  4550.459      23.0     2.503     -7.27                                        
  4550.467 607.01214     1.216    -4.957               7.724          0204Qc0305
  4550.471 106.00112     1.943    -3.811               3.466          AX01R315  
  4550.479      27.0     3.250     -2.31                                        
  4550.499 607.01214     1.009    -4.373               7.724          0204Qc0075
  4550.501 106.00113     1.596    -4.649               3.466          AX11P275  
  4550.510      20.0     5.014     -6.83                                        
  4550.511 607.01214     1.009    -2.238               7.724          0204Pa0085
  4550.511 607.01214     1.216    -1.650               7.724          0204Pa0315
  4550.527 607.01214     1.009    -2.294               7.724          0204Pb0075
  4550.569 607.01214     1.216    -1.664               7.724          0204Pb0305
  4550.580 607.01214     1.595    -5.945               7.724          0002Qc0685
  4550.681 607.01214     1.595    -1.924               7.724          0002Pa0695
  4550.775 607.01314     0.737    -2.760               7.724          0103Ra0035
  4550.776 106.00112     1.831    -3.741               3.466          AX55R135  
  4550.777      77.0     1.605     -2.61                                        
  4550.779 607.01214     1.595    -1.932               7.724          0002Pb0685
  4550.787 607.01314     0.737    -2.873               7.724          0103Rb0025
  4550.792 607.01314     0.737    -4.302               7.724          0103Qd0035
  4550.813 106.00112     1.831    -1.604               3.466          AX55Q135  
  4550.823 607.01214     3.097    -4.251               7.724          1113Qc0165
  4550.829      25.0     4.824     -2.80                                        
  4550.831      59.1     0.204     -1.83                                        
  4550.836      28.0     3.938     -3.89                                        
  4550.873      25.0     5.130     -2.56                                        
  4550.875 607.01314     1.126    -1.751               7.724          0103Pb0415
  4550.883 607.01214     3.097    -1.471               7.724          1113Pa0175
  4550.883 607.01214     3.097    -1.497               7.724          1113Pb0165
  4550.888 607.01314     3.189    -3.689               7.724          1214Qc0045
  4550.897      28.0     3.539     -3.23                                        
  4550.902 607.01214     1.202    -4.943               7.724          0204Qc0295
  4550.903 106.00112     1.831    -1.599               3.466          AX55Q145  
  4550.911 607.01314     3.189    -1.955               7.724          1214Pa0055
  4550.926 106.00112     1.579    -4.668               3.466          AX00P305  
  4550.934 607.01214     1.013    -4.425               7.724          0204Qc0085
  4550.941 106.00112     1.831    -3.782               3.466          AX55P145  
  4550.945 607.01214     1.202    -1.665               7.724          0204Pa0305
  4550.947 607.01214     1.013    -2.189               7.724          0204Pa0095
  4550.950      64.1     0.731     -1.31                              DenHarto06
  4550.966 607.01214     1.013    -2.238               7.724          0204Pb0085
  4550.983      26.1     6.204     -3.63                                        
  4550.999      27.0     3.729     -2.01                                        
  4551.002 607.01214     1.202    -1.680               7.724          0204Pb0295
  4551.030 106.00112     2.102    -1.465               3.466          AX44Q245  
  4551.042 607.01314     3.189    -2.045               7.724          1214Pb0045
  4551.078      21.0     3.055     -4.06                                        
  4551.085 106.00112     2.102    -4.111               3.466          AX44R235  
  4551.125      24.0     4.774     -3.15                                        
  4551.160 106.00112     2.102    -3.984               3.466          AX44P245  
  4551.205 106.00112     1.807    -1.699               3.466          AX44P195  
  4551.215 106.00112     1.807    -3.796               3.466          AX44Q185  
  4551.215 106.00112     2.102    -1.420               3.466          AX44Q235  
  4551.216 607.01214     0.811    -2.185               7.724          0103Ra0165
  4551.217      28.0     4.164     -0.88                                        
  4551.257 607.01214     0.811    -2.211               7.724          0103Rb0155
  4551.280 607.01314     0.614    -2.460               7.724          0002Ra0235
  4551.281 607.01214     0.811    -4.949               7.724          0103Qd0165
  4551.291      58.1     0.740     -0.42                              Lawler09  
  4551.295      76.0     1.840     -1.31                                        
  4551.295 106.00112     1.807    -1.707               3.466          AX44P185  
  4551.299 607.01214     1.188    -4.929               7.724          0204Qc0285
  4551.313      26.0     4.577     -3.16                                        
  4551.316 607.01214     0.730    -2.353               7.724          0002Ra0315
  4551.329 607.01214     1.017    -4.471               7.724          0204Qc0095
  4551.334 607.01314     0.614    -2.478               7.724          0002Rb0225
  4551.340 607.01214     1.188    -1.680               7.724          0204Pa0295
  4551.343 106.00113     0.726    -2.767               3.466          BX12P 55  
  4551.343 607.01214     1.017    -2.145               7.724          0204Pa0105
  4551.364 607.01214     1.017    -2.189               7.724          0204Pb0095
  4551.366 607.01314     0.614    -5.516               7.724          0002Qd0235
  4551.381 607.01214     0.730    -2.367               7.724          0002Rb0305
  4551.396 607.01214     1.188    -1.696               7.724          0204Pb0285
  4551.416 106.00112     1.567    -4.443               3.466          AX44P135  
  4551.427 607.01214     0.730    -5.652               7.724          0002Qd0315
  4551.450      64.1     1.101     -1.50                              DenHarto06
  4551.474      90.0     1.716     -0.56                                        
  4551.480 607.01214     3.104    -4.275               7.724          1113Qc0175
  4551.504      24.0     4.851     -2.02                                        
  4551.518 106.00113     1.087    -5.455               3.466          BX12R165  
  4551.542 607.01314     3.191    -3.770               7.724          1214Qc0055
  4551.543 607.01214     3.104    -1.447               7.724          1113Pa0185
  4551.543 607.01214     3.104    -1.471               7.724          1113Pb0175
  4551.569 607.01314     3.191    -1.882               7.724          1214Pa0065
  4551.625      20.0     5.817     -3.22                                        
  4551.631 607.01314     1.108    -5.305               7.724          0103Qc0405
  4551.640      45.0     1.279     -1.30                              DL85/NI/C 
  4551.647      26.0     3.943     -2.04                              NIST/E    
  4551.656 607.01214     1.175    -4.914               7.724          0204Qc0275
  4551.664 607.01314     0.735    -2.873               7.724          0103Ra0025
  4551.673 607.01314     0.735    -3.027               7.724          0103Rb0015
  4551.677 607.01314     0.735    -4.172               7.724          0103Qd0025
  4551.684 607.01214     1.022    -4.512               7.724          0204Qc0105
  4551.689 607.01314     1.108    -1.751               7.724          0103Pa0415
  4551.696 607.01214     1.175    -1.696               7.724          0204Pa0285
  4551.697      22.0     3.282     -2.94                                        
  4551.700 607.01214     1.022    -2.104               7.724          0204Pa0115
  4551.716 607.01314     3.191    -1.956               7.724          1214Pb0055
  4551.723 607.01214     1.022    -2.145               7.724          0204Pb0105
  4551.729      22.0     2.470     -2.24                                        
  4551.750 607.01214     1.175    -1.712               7.724          0204Pb0275
  4551.760 607.01314     1.108    -1.763               7.724          0103Pb0405
  4551.773 106.00113     0.726    -2.707               3.466          BX12P 65  
  4551.803      25.1     6.124     -5.50                                        
  4551.812      14.0     5.078     -3.50                                        
  4551.836      74.0     1.654     -1.06                                        
  4551.840      23.0     1.798     -0.95                                        
  4551.842 106.00112     1.578    -4.610               3.466          AX22P235  
  4551.892 106.00113     2.118    -1.557               3.466          AX33P285  
  4551.956      73.0     0.491     -1.71                                        
  4551.974 607.01214     1.163    -4.899               7.724          0204Qc0265
  4551.975      92.0     0.077     -1.48                                        
  4551.994      68.0     0.889     -0.80                                        
  4552.000 607.01214     1.028    -4.550               7.724          0204Qc0115
  4552.013 607.01214     1.163    -1.712               7.724          0204Pa0275
  4552.017 607.01214     1.028    -2.067               7.724          0204Pa0125
  4552.024 106.00113     2.118    -3.993               3.466          AX33Q275  
  4552.043 607.01214     1.028    -2.104               7.724          0204Pb0115
  4552.049 106.00112     1.017    -2.434               3.466          BX01P195  
  4552.062      58.0     0.028     -1.04                                        
  4552.065 607.01214     1.163    -1.729               7.724          0204Pb0265
  4552.070 106.00112     1.832    -3.759               3.466          AX55R135  
  4552.107 106.00112     1.832    -1.604               3.466          AX55Q135  
  4552.118      44.0     1.062     -1.91                                        
  4552.124 106.00112     1.832    -1.599               3.466          AX55Q145  
  4552.137 607.01214     3.112    -4.299               7.724          1113Qc0185
  4552.138      68.1     2.211     -0.28                              Lawler08  
  4552.147      26.0     4.368     -3.62                                        
  4552.151 106.00112     1.603    -4.649               3.466          AX11P275  
  4552.153      90.0     1.090     -0.98                                        
  4552.161 106.00112     1.832    -3.767               3.466          AX55P145  
  4552.178 106.00113     1.935    -4.042               3.466          AX01R325  
  4552.194 106.00113     2.118    -1.541               3.466          AX33P275  
  4552.202 607.01314     3.194    -3.838               7.724          1214Qc0065
  4552.204 607.01214     3.112    -1.423               7.724          1113Pa0195
  4552.204 607.01214     3.112    -1.447               7.724          1113Pb0185
  4552.233 607.01314     3.194    -1.819               7.724          1214Pa0075
  4552.235 106.00112     1.017    -2.388               3.466          BX01P205  
  4552.249      59.0     0.000     -0.29                                        
  4552.252 607.01214     1.151    -4.883               7.724          0204Qc0255
  4552.271      24.1     6.280     -2.71                                        
  4552.276 607.01214     1.034    -4.585               7.724          0204Qc0125
  4552.290 607.01214     1.151    -1.729               7.724          0204Pa0265
  4552.293      22.1     1.115     -2.87                              Wood13    
  4552.295 607.01214     1.034    -2.033               7.724          0204Pa0135
  4552.322 607.01214     1.034    -2.067               7.724          0204Pb0125
  4552.341 607.01214     1.151    -1.747               7.724          0204Pb0255
  4552.353 106.00113     1.935    -5.806               3.466          AX01Q325  
  4552.390 607.01314     3.194    -1.882               7.724          1214Pb0065
  4552.412      78.0     4.173      0.50                                        
  4552.414      22.0     1.501     -1.38                                        
  4552.422   27.0059     3.809    -1.447                                 KURHFS 
  4552.422   27.0059     3.809    -1.468                                 KURHFS 
  4552.422   27.0059     3.809    -1.593                                 KURHFS 
  4552.432 106.00113     1.751    -4.603               3.466          AX00P325  
  4552.445   27.0059     3.809    -1.126                                 KURHFS 
  4552.445   27.0059     3.809    -1.447                                 KURHFS 
  4552.445   27.0059     3.809    -1.924                                 KURHFS 
  4552.453      22.0     0.835     -0.25                              Lawler13  
  4552.468      20.0     6.049     -3.17                                        
  4552.479 607.01314     1.090    -5.295               7.724          0103Qc0395
  4552.492 607.01214     1.139    -4.866               7.724          0204Qc0245
  4552.510 106.00113     1.935    -3.811               3.466          AX01R315  
  4552.512 607.01214     1.040    -4.617               7.724          0204Qc0135
  4552.514 607.01314     0.734    -3.027               7.724          0103Ra0015
  4552.521 607.01314     0.734    -3.282               7.724          0103Rb0005
  4552.523 607.01314     0.734    -3.980               7.724          0103Qd0015
  4552.528 607.01214     1.139    -1.747               7.724          0204Pa0255
  4552.532 607.01214     1.040    -2.001               7.724          0204Pa0145
  4552.536 607.01314     1.090    -1.763               7.724          0103Pa0405
  4552.562 607.01214     1.040    -2.033               7.724          0204Pb0135
  4552.578 607.01214     1.139    -1.765               7.724          0204Pb0245
  4552.606 607.01314     1.090    -1.775               7.724          0103Pb0395
  4552.650      62.1     0.248     -0.82                              Lawler06  
  4552.674 607.01214     0.804    -2.211               7.724          0103Ra0155
  4552.691 607.01214     1.128    -4.849               7.724          0204Qc0235
  4552.708 607.01214     1.047    -4.647               7.724          0204Qc0145
  4552.713 607.01214     0.804    -2.238               7.724          0103Rb0145
  4552.722 607.01214     1.564    -5.940               7.724          0002Qc0675
  4552.726 607.01214     1.128    -1.765               7.724          0204Pa0245
  4552.730 607.01214     1.047    -1.972               7.724          0204Pa0155
  4552.736 607.01214     0.804    -4.923               7.724          0103Qd0155
  4552.762 607.01214     1.047    -2.001               7.724          0204Pb0145
  4552.772 106.00112     1.568    -4.484               3.466          AX44P135  
  4552.772 106.00113     1.675    -4.584               3.466          AX11P285  
  4552.775 607.01214     1.128    -1.784               7.724          0204Pb0235
  4552.794 607.01214     3.120    -4.321               7.724          1113Qc0195
  4552.822 607.01214     1.564    -1.932               7.724          0002Pa0685
  4552.852 607.01214     1.117    -4.830               7.724          0204Qc0225
  4552.861 607.01214     3.120    -1.401               7.724          1113Pa0205
  4552.861 607.01214     3.120    -1.423               7.724          1113Pb0195
  4552.865 607.01214     1.054    -4.674               7.724          0204Qc0155
  4552.868 607.01314     3.197    -3.896               7.724          1214Qc0075
  4552.874      24.0     4.464     -0.96                                        
  4552.885 607.01214     1.117    -1.784               7.724          0204Pa0235
  4552.889 607.01214     1.054    -1.944               7.724          0204Pa0165
  4552.903 607.01314     3.197    -1.764               7.724          1214Pa0085
  4552.919 607.01214     1.564    -1.940               7.724          0002Pb0675
  4552.922 607.01214     1.054    -1.972               7.724          0204Pb0155
  4552.932 607.01214     1.117    -1.804               7.724          0204Pb0225
  4552.933      23.0     2.573     -4.44                                        
  4552.972 607.01214     1.107    -4.811               7.724          0204Qc0215
  4552.982 607.01214     1.062    -4.701               7.724          0204Qc0165
  4552.989 607.01314     0.604    -2.478               7.724          0002Ra0225
  4553.004 607.01214     1.107    -1.804               7.724          0204Pa0225
  4553.007 607.01214     1.062    -1.917               7.724          0204Pa0175
  4553.022      40.0     0.520     -1.22                                        
  4553.031 607.01314     0.604    -2.497               7.724          0002Rb0215
  4553.043 607.01214     1.062    -1.944               7.724          0204Pb0165
  4553.049      23.0     2.357     -1.53                                        
  4553.050 607.01214     1.107    -1.825               7.724          0204Pb0215
  4553.053      20.0     6.050     -4.05                                        
  4553.054 607.01214     1.097    -4.791               7.724          0204Qc0205
  4553.060 607.01214     1.070    -4.725               7.724          0204Qc0175
  4553.062 607.01314     0.604    -5.499               7.724          0002Qd0225
  4553.063      58.0     0.206     -0.86                                        
  4553.063 607.01314     3.197    -1.819               7.724          1214Pb0075
  4553.070      20.0     6.050     -3.38                                        
  4553.084 607.01214     1.097    -1.825               7.724          0204Pa0215
  4553.086 607.01214     1.070    -1.892               7.724          0204Pa0185
  4553.095 607.01214     1.087    -4.771               7.724          0204Qc0195
  4553.097 607.01214     1.078    -4.748               7.724          0204Qc0185
  4553.124 607.01214     1.070    -1.917               7.724          0204Pb0175
  4553.124 607.01214     1.087    -1.846               7.724          0204Pa0205
  4553.125 607.01214     1.078    -1.869               7.724          0204Pa0195
  4553.128 607.01214     1.097    -1.846               7.724          0204Pb0205
  4553.164      28.0     3.655     -1.66                                        
  4553.165 607.01214     1.078    -1.892               7.724          0204Pb0185
  4553.166 607.01214     1.087    -1.869               7.724          0204Pb0195
  4553.193   27.0059     2.278    -4.592                                 KURHFS 
  4553.193   27.0059     2.278    -4.592                                 KURHFS 
  4553.193   27.0059     2.278    -4.893                                 KURHFS 
  4553.200   27.0059     2.278    -4.428                                 KURHFS 
  4553.200   27.0059     2.278    -4.454                                 KURHFS 
  4553.200   27.0059     2.278    -4.768                                 KURHFS 
  4553.206      21.1     4.846     -1.12                                        
  4553.209   27.0059     2.278    -4.171                                 KURHFS 
  4553.209   27.0059     2.278    -4.420                                 KURHFS 
  4553.209   27.0059     2.278    -5.018                                 KURHFS 
  4553.215      42.0     2.513     -1.55                                        
  4553.221   27.0059     2.278    -3.955                                 KURHFS 
  4553.221   27.0059     2.278    -4.581                                 KURHFS 
  4553.221   27.0059     2.278    -5.446                                 KURHFS 
  4553.252      26.1     6.221     -2.60                                        
  4553.289 607.01314     1.073    -5.285               7.724          0103Qc0385
  4553.317      42.0     2.644     -1.64                                        
  4553.325 607.01314     0.734    -3.282               7.724          0103Ra0005
  4553.330 607.01314     0.734    -3.582               7.724          0103Qd0005
  4553.331      27.0     3.168     -1.79                                        
  4553.335      26.0     4.603     -3.56                                        
  4553.344      26.0     5.008     -2.22                                        
  4553.344 607.01314     1.073    -1.775               7.724          0103Pa0395
  4553.390      22.0     3.059     -0.78                                        
  4553.413 607.01314     1.073    -1.787               7.724          0103Pb0385
  4553.426 607.01214     0.716    -2.367               7.724          0002Ra0305
  4553.440 106.00113     1.588    -4.511               3.466          AX33P195  
  4553.452 607.01214     3.129    -4.343               7.724          1113Qc0205
  4553.468      23.0     2.721     -2.75                                        
  4553.483      26.0     3.069     -3.89                                        
  4553.489 607.01214     0.716    -2.381               7.724          0002Rb0295
  4553.525 607.01214     3.129    -1.380               7.724          1113Pa0215
  4553.525 607.01214     3.129    -1.401               7.724          1113Pb0205
  4553.534 607.01214     0.716    -5.639               7.724          0002Qd0305
  4553.540 607.01314     3.201    -3.948               7.724          1214Qc0085
  4553.557 106.00112     2.055    -3.898               3.466          AX33Q265  
  4553.579 607.01314     3.201    -1.715               7.724          1214Pa0095
  4553.586      70.1     3.786     -0.69                                        
  4553.594   23.0051     1.349    -7.669                                 KURHFS 
  4553.597   23.0051     1.349    -7.384                                 KURHFS 
  4553.597   23.0051     1.349    -7.639                                 KURHFS 
  4553.603   23.0051     1.349    -7.196                                 KURHFS 
  4553.603   23.0051     1.349    -7.639                                 KURHFS 
  4553.603   23.0051     1.349    -7.690                                 KURHFS 
  4553.611   23.0051     1.349    -7.105                                 KURHFS 
  4553.611   23.0051     1.349    -7.251                                 KURHFS 
  4553.611   23.0051     1.349    -7.815                                 KURHFS 
  4553.622   23.0051     1.349    -6.996                                 KURHFS 
  4553.622   23.0051     1.349    -7.083                                 KURHFS 
  4553.622   23.0051     1.349    -8.037                                 KURHFS 
  4553.623      24.0     3.842     -3.95                                        
  4553.627 106.00112     2.055    -1.535               3.466          AX33P275  
  4553.636   23.0051     1.349    -6.798                                 KURHFS 
  4553.636   23.0051     1.349    -7.137                                 KURHFS 
  4553.636   23.0051     1.349    -8.447                                 KURHFS 
  4553.652   23.0051     1.349    -6.634                                 KURHFS 
  4553.652   23.0051     1.349    -7.333                                 KURHFS 
  4553.672   23.0051     1.349    -6.493                                 KURHFS 
  4553.677      73.0     1.393     -1.58                                        
  4553.710 106.00112     2.055    -1.527               3.466          AX33P265  
  4553.738 607.01314     3.201    -1.764               7.724          1214Pb0085
  4553.796      42.0     3.154     -1.16                                        
  4553.827      41.0     0.739     -1.17                                        
  4553.852      92.1     0.113     -2.38                                        
  4553.934      40.1     2.418     -0.57                                        
  4553.958 106.00113     1.662    -4.678               3.466          AX00P315  
  4553.980 106.00112     1.760    -4.603               3.466          AX00P325  
  4553.998   56.1137     0.000    -0.666                              McWhfsNI/B
  4554.000   56.1137     0.000    -0.666                              McWhfsNI/B
  4554.002   56.1135     0.000    -0.666                              McWhfsNI/B
  4554.003   56.1135     0.000    -0.666                              McWhfsNI/B
  4554.004   56.1135     0.000    -1.064                              McWhfsNI/B
  4554.004   56.1137     0.000    -1.064                              McWhfsNI/B
  4554.011      24.0     4.093     -0.73                                        
  4554.027      22.0     2.479     -6.48                                        
  4554.033   56.1134     0.000     0.140                              McWhfsNI/B
  4554.033   56.1136     0.000     0.140                              McWhfsNI/B
  4554.033   56.1138     0.000     0.140                              McWhfsNI/B
  4554.050   56.1135     0.000    -0.219                              McWhfsNI/B
  4554.053   56.1135     0.000    -0.666                              McWhfsNI/B
  4554.053   56.1137     0.000    -0.219                              McWhfsNI/B
  4554.054   56.1135     0.000    -1.364                              McWhfsNI/B
  4554.055   56.1137     0.000    -0.666                              McWhfsNI/B
  4554.056   56.1137     0.000    -1.364                              McWhfsNI/B
  4554.059 607.01314     1.056    -5.274               7.724          0103Qc0375
  4554.065      23.0     2.676     -1.51                                        
  4554.092      74.1     2.788     -1.82                                        
  4554.093 607.01214     0.797    -2.238               7.724          0103Ra0145
  4554.097 106.00112     0.728    -2.766               3.466          BX12P 55  
  4554.112 607.01214     3.138    -4.363               7.724          1113Qc0215
  4554.113 607.01314     1.056    -1.787               7.724          0103Pa0385
  4554.129 607.01214     0.797    -2.267               7.724          0103Rb0135
  4554.150 607.01214     0.797    -4.896               7.724          0103Qd0145
  4554.170 607.01214     3.138    -1.381               7.724          1113Pb0215
  4554.181 607.01314     1.056    -1.800               7.724          0103Pb0375
  4554.195 607.01214     3.138    -1.360               7.724          1113Pa0225
  4554.217 607.01314     3.205    -3.994               7.724          1214Qc0095
  4554.260 607.01314     3.205    -1.671               7.724          1214Pa0105
  4554.294      26.0     3.544     -7.54                                        
  4554.295      21.0     3.170     -2.01                                        
  4554.370      24.0     4.464     -2.15                                        
  4554.414 607.01314     3.205    -1.715               7.724          1214Pb0095
  4554.432      26.0     5.616     -1.64     -7.51                    PKA17thr  
  4554.440      62.1     0.104     -1.25                              Lawler06  
  4554.451      26.0     2.865     -2.81                              DenHarto14
  4554.477 106.00112     1.852    -3.811               3.466          AX01R315  
  4554.517      44.0     0.811      0.13                                        
  4554.530 106.00112     0.728    -2.707               3.466          BX12P 65  
  4554.544      23.0     2.614     -3.55                                        
  4554.545      58.1     0.495     -1.33                              Lawler09  
  4554.554   27.0059     4.055    -3.175                                 KURHFS 
  4554.555   27.0059     4.055    -3.029                                 KURHFS 
  4554.555   27.0059     4.055    -3.345                                 KURHFS 
  4554.556   27.0059     4.055    -2.900                                 KURHFS 
  4554.558   27.0059     4.055    -3.549                                 KURHFS 
  4554.560   27.0059     4.055    -2.784                                 KURHFS 
  4554.561   27.0059     4.055    -3.812                                 KURHFS 
  4554.565   27.0059     4.055    -2.679                                 KURHFS 
  4554.567   27.0059     4.055    -3.745                                 KURHFS 
  4554.570   27.0059     4.055    -3.549                                 KURHFS 
  4554.574   27.0059     4.055    -3.444                                 KURHFS 
  4554.579   27.0059     4.055    -3.397                                 KURHFS 
  4554.580   27.0059     4.055    -4.444                                 KURHFS 
  4554.586   27.0059     4.055    -3.403                                 KURHFS 
  4554.589   27.0059     4.055    -4.289                                 KURHFS 
  4554.595   27.0059     4.055    -3.476                                 KURHFS 
  4554.597      78.0     2.300     -2.78                              DH05nohfs 
  4554.599   27.0059     4.055    -4.289                                 KURHFS 
  4554.605   27.0059     4.055    -3.687                                 KURHFS 
  4554.611   27.0059     4.055    -4.386                                 KURHFS 
  4554.625   27.0059     4.055    -4.590                                 KURHFS 
  4554.626 106.00112     1.852    -3.651               3.466          AX01R305  
  4554.640   27.0059     4.055    -4.988                                 KURHFS 
  4554.646 607.01314     0.594    -2.497               7.724          0002Ra0215
  4554.661      24.1     5.489     -3.96                                        
  4554.680      24.0     3.085     -2.78                                        
  4554.693 106.00112     1.852    -5.763               3.466          AX01Q315  
  4554.695 607.01314     0.594    -2.517               7.724          0002Rb0205
  4554.721 607.01314     0.594    -5.480               7.724          0002Qd0215
  4554.773 607.01214     3.147    -4.382               7.724          1113Qc0225
  4554.787   23.0051     1.852    -5.208                                 KURHFS 
  4554.787   23.0051     1.852    -5.404                                 KURHFS 
  4554.791   23.0051     1.852    -5.183                                 KURHFS 
  4554.791   23.0051     1.852    -5.194                                 KURHFS 
  4554.791   23.0051     1.852    -5.404                                 KURHFS 
  4554.791 607.01314     1.040    -5.263               7.724          0103Qc0365
  4554.797   23.0051     1.852    -5.056                                 KURHFS 
  4554.797   23.0051     1.852    -5.080                                 KURHFS 
  4554.797   23.0051     1.852    -5.183                                 KURHFS 
  4554.804   23.0051     1.852    -4.889                                 KURHFS 
  4554.804   23.0051     1.852    -5.037                                 KURHFS 
  4554.804   23.0051     1.852    -5.080                                 KURHFS 
  4554.813   23.0051     1.852    -4.720                                 KURHFS 
  4554.813   23.0051     1.852    -5.037                                 KURHFS 
  4554.813   23.0051     1.852    -5.048                                 KURHFS 
  4554.820      24.0     3.110     -1.25                                        
  4554.824   23.0051     1.852    -4.561                                 KURHFS 
  4554.824   23.0051     1.852    -5.048                                 KURHFS 
  4554.824   23.0051     1.852    -5.125                                 KURHFS 
  4554.824 607.01214     1.534    -5.936               7.724          0002Qc0665
  4554.828 607.01314     0.734    -3.582               7.724          0103Qc0005
  4554.830 607.01214     3.147    -1.361               7.724          1113Pb0225
  4554.830 607.01314     0.734    -3.281               7.724          0103Pa0015
  4554.837   23.0051     1.852    -4.413                                 KURHFS 
  4554.837   23.0051     1.852    -5.125                                 KURHFS 
  4554.837   23.0051     1.852    -5.340                                 KURHFS 
  4554.843 607.01314     1.040    -1.800               7.724          0103Pa0375
  4554.851   23.0051     1.852    -4.277                                 KURHFS 
  4554.851   23.0051     1.852    -5.340                                 KURHFS 
  4554.858      23.0     2.721     -4.97                                        
  4554.860 607.01214     3.147    -1.341               7.724          1113Pa0235
  4554.887      24.0     3.119     -3.21                                        
  4554.898 607.01314     3.209    -4.035               7.724          1214Qc0105
  4554.907 106.00112     1.682    -4.584               3.466          AX11P285  
  4554.910      60.1     0.380     -2.42                              DenHarto03
  4554.910 607.01314     1.040    -1.813               7.724          0103Pb0365
  4554.922 607.01214     1.534    -1.940               7.724          0002Pa0675
  4554.946 607.01314     3.209    -1.631               7.724          1214Pa0115
  4554.988      64.1     1.338     -1.10                                        
  4554.989      24.1     4.071     -1.27                              Lawler17  
  4555.019 607.01214     1.534    -1.949               7.724          0002Pb0665
  4555.038      23.1     6.068     -4.39                                        
  4555.068      22.0     2.406     -0.91                                        
  4555.082      24.0     3.102     -0.67                                        
  4555.087      92.1     1.041     -0.65                              Nils02/9% 
  4555.092 607.01314     3.209    -1.671               7.724          1214Pb0105
  4555.121      40.0     1.549     -0.21                                        
  4555.137      60.1     0.559     -1.42                                        
  4555.202      22.0     3.332     -3.30                                        
  4555.218 607.01214     1.371    -1.658               7.724          0103Pb0515
  4555.223      66.0     0.937     -0.66                                        
  4555.225      55.0     0.000     -1.28                                        
  4555.288      24.0     3.432     -1.20                                        
  4555.362      23.0     1.891     -1.35                                        
  4555.381      25.1     5.394     -5.67                                        
  4555.394      24.0     3.553     -2.73                                        
  4555.400 106.00113     1.719    -2.085               3.466          AX55P105  
  4555.432 106.00113     1.719    -3.635               3.466          AX55Q105  
  4555.433      58.1     2.575      0.68                                        
  4555.436 607.01214     3.157    -4.401               7.724          1113Qc0235
  4555.439 106.00113     1.844    -3.811               3.466          AX01R315  
  4555.446 106.00112     1.671    -4.677               3.466          AX00P315  
  4555.457      22.0     3.291     -2.82                                        
  4555.472 607.01214     0.791    -2.267               7.724          0103Ra0135
  4555.483      22.0     0.848     -0.40                              Lawler13  
  4555.483 607.01314     1.024    -5.252               7.724          0103Qc0355
  4555.491 607.01214     3.157    -1.341               7.724          1113Pb0235
  4555.497 607.01214     0.702    -2.381               7.724          0002Ra0295
  4555.506 607.01214     0.791    -2.298               7.724          0103Rb0125
  4555.518 607.01314     0.735    -3.980               7.724          0103Qc0015
  4555.520      40.0     1.581     -0.32                                        
  4555.521 607.01314     0.735    -3.025               7.724          0103Pa0025
  4555.523 607.01314     0.735    -3.281               7.724          0103Pb0015
  4555.526 607.01214     0.791    -4.866               7.724          0103Qd0135
  4555.527 607.01214     3.157    -1.323               7.724          1113Pa0245
  4555.534 607.01314     1.024    -1.813               7.724          0103Pa0365
  4555.558 607.01214     0.702    -2.396               7.724          0002Rb0285
  4555.584 607.01314     3.214    -4.073               7.724          1214Qc0115
  4555.588      23.0     2.741     -2.24                                        
  4555.592 106.00113     1.719    -2.051               3.466          AX55P115  
  4555.600 607.01314     1.024    -1.826               7.724          0103Pb0355
  4555.602 607.01214     0.702    -5.626               7.724          0002Qd0295
  4555.608      58.1     0.792     -1.48                              Lawler09  
  4555.612 106.00113     1.844    -5.763               3.466          AX01Q315  
  4555.617      23.1     6.674     -3.71                                        
  4555.631 106.00113     1.844    -3.651               3.466          AX01R305  
  4555.635 607.01314     3.214    -1.594               7.724          1214Pa0125
  4555.697      68.0     1.332     -0.20                                        
  4555.706 106.00112     1.617    -4.399               3.466          AX55P 65  
  4555.748      26.0     3.271     -3.29                                        
  4555.774 607.01314     3.214    -1.631               7.724          1214Pb0115
  4555.813      90.0     0.479     -1.28                                        
  4555.893      26.1     2.828     -2.40                              MelBar09-L
  4556.021 106.00113     1.590    -4.568               3.466          AX33P195  
  4556.046      42.0     3.165     -2.29                                        
  4556.078 106.00112     1.618    -4.419               3.466          AX55P 65  
  4556.087      26.0     2.947     -3.22                                        
  4556.102 607.01214     3.167    -4.419               7.724          1113Qc0245
  4556.104      26.0     3.940     -4.14                                        
  4556.126      26.0     3.603     -0.79                              NIST/B    
  4556.130      60.1     0.064     -1.44                              DenHarto03
  4556.137 607.01314     1.008    -5.241               7.724          0103Qc0345
  4556.145      20.0     5.014     -9.54                                        
  4556.155 607.01214     3.167    -1.323               7.724          1113Pb0245
  4556.167      24.0     3.110     -0.78                                        
  4556.169 607.01314     0.737    -4.172               7.724          0103Qc0025
  4556.174 607.01314     0.737    -2.869               7.724          0103Pa0035
  4556.178 607.01314     0.737    -3.025               7.724          0103Pb0025
  4556.186 607.01314     1.008    -1.826               7.724          0103Pa0355
  4556.196 607.01214     3.167    -1.305               7.724          1113Pa0255
  4556.206      58.1     2.006     -0.33                                        
  4556.222      25.0     4.657     -3.98                                        
  4556.235 106.00113     1.720    -2.085               3.466          AX55P105  
  4556.250 607.01314     1.008    -1.840               7.724          0103Pb0345
  4556.267 106.00113     1.720    -3.655               3.466          AX55Q105  
  4556.267 607.01314     0.585    -2.517               7.724          0002Ra0205
  4556.271 607.01314     3.219    -4.108               7.724          1214Qc0125
  4556.282      22.0     2.660     -3.76                                        
  4556.303      23.1     6.329     -4.44                                        
  4556.317 607.01314     0.585    -2.538               7.724          0002Rb0195
  4556.327 607.01314     3.219    -1.560               7.724          1214Pa0135
  4556.330      73.0     1.393     -1.31                                        
  4556.340 607.01314     0.585    -5.460               7.724          0002Qd0205
  4556.350      25.1     5.544     -3.58                                        
  4556.352 106.00113     1.854    -3.804               3.466          AX44Q195  
  4556.361      24.0     3.110     -3.54                                        
  4556.365 106.00113     1.720    -2.051               3.466          AX55P115  
  4556.400 607.01214     1.348    -5.407               7.724          0103Qc0505
  4556.430 106.00113     1.854    -1.695               3.466          AX44P205  
  4556.434 106.00113     1.854    -1.699               3.466          AX44P195  
  4556.459 607.01314     3.219    -1.594               7.724          1214Pb0125
  4556.474 607.01214     1.348    -1.658               7.724          0103Pa0515
  4556.494      27.0     4.144     -3.44                                        
  4556.500      62.1     0.997     -1.09                              Lawler06  
  4556.538      24.0     3.963     -2.62                                        
  4556.554 607.01214     3.376    -1.305               7.724          1214Rb0245
  4556.566 607.01214     1.348    -1.668               7.724          0103Pb0505
  4556.584 106.00112     1.594    -4.511               3.466          AX33P195  
  4556.616 607.01214     3.376    -4.420               7.724          1214Qd0255
  4556.627      62.0     0.387     -0.73                                        
  4556.632 106.00113     1.845    -4.611               3.466          AX00P335  
  4556.674      69.1     3.253      0.07                                        
  4556.682      24.0     3.392     -4.24                                        
  4556.713 106.00113     1.636    -4.416               3.466          AX55P 75  
  4556.730      60.1     0.182     -1.35                              DenHarto03
  4556.737      23.0     2.682     -2.94                                        
  4556.751      23.1     3.755     -2.03                                        
  4556.751 607.01314     0.993    -5.229               7.724          0103Qc0335
  4556.770 607.01214     3.178    -4.436               7.724          1113Qc0255
  4556.781 607.01314     0.738    -4.303               7.724          0103Qc0035
  4556.787 607.01314     0.738    -2.756               7.724          0103Pa0045
  4556.793 607.01314     0.738    -2.869               7.724          0103Pb0035
  4556.799 607.01314     0.993    -1.840               7.724          0103Pa0345
  4556.810 607.01214     0.785    -2.298               7.724          0103Ra0125
  4556.811      74.0     2.965     -0.37                                        
  4556.821 607.01214     3.178    -1.305               7.724          1113Pb0255
  4556.836 106.00113     1.640    -4.557               3.466          AX22P245  
  4556.843 607.01214     0.785    -2.331               7.724          0103Rb0115
  4556.851      38.1     6.612     -3.23                                        
  4556.861      74.0     3.450     -0.57                                        
  4556.861 607.01214     0.785    -4.834               7.724          0103Qd0125
  4556.861 607.01314     0.993    -1.854               7.724          0103Pb0335
  4556.868 607.01214     3.178    -1.288               7.724          1113Pa0265
  4556.880      41.0     0.619     -1.72                                        
  4556.886 607.01214     1.504    -5.931               7.724          0002Qc0655
  4556.925      26.0     3.252     -2.66                              NIST/D    
  4556.934      24.0     3.193     -1.59                                        
  4556.955 607.01214     3.366    -1.322               7.724          1214Rb0235
  4556.962 607.01314     3.224    -4.140               7.724          1214Qc0135
  4556.983 607.01214     1.504    -1.949               7.724          0002Pa0665
  4557.015 607.01214     3.366    -4.403               7.724          1214Qd0245
  4557.022 607.01314     3.224    -1.529               7.724          1214Pa0145
  4557.031      24.0     3.090     -4.86                                        
  4557.072   23.0051     1.858    -3.915                                 KURHFS 
  4557.072   23.0051     1.858    -4.485                                 KURHFS 
  4557.080   23.0051     1.858    -3.889                                 KURHFS 
  4557.080   23.0051     1.858    -4.264                                 KURHFS 
  4557.080   23.0051     1.858    -4.485                                 KURHFS 
  4557.080 607.01214     1.504    -1.958               7.724          0002Pb0655
  4557.090   23.0051     1.858    -3.808                                 KURHFS 
  4557.090   23.0051     1.858    -4.167                                 KURHFS 
  4557.090   23.0051     1.858    -4.264                                 KURHFS 
  4557.103   23.0051     1.858    -3.703                                 KURHFS 
  4557.103   23.0051     1.858    -4.132                                 KURHFS 
  4557.103   23.0051     1.858    -4.167                                 KURHFS 
  4557.119   23.0051     1.858    -3.590                                 KURHFS 
  4557.119   23.0051     1.858    -4.132                                 KURHFS 
  4557.119   23.0051     1.858    -4.150                                 KURHFS 
  4557.137   23.0051     1.858    -3.476                                 KURHFS 
  4557.137   23.0051     1.858    -4.150                                 KURHFS 
  4557.137   23.0051     1.858    -4.234                                 KURHFS 
  4557.148 607.01314     3.224    -1.560               7.724          1214Pb0135
  4557.155      24.0     4.385     -3.61                                        
  4557.158   23.0051     1.858    -3.365                                 KURHFS 
  4557.158   23.0051     1.858    -4.234                                 KURHFS 
  4557.158   23.0051     1.858    -4.455                                 KURHFS 
  4557.181   23.0051     1.858    -3.258                                 KURHFS 
  4557.181   23.0051     1.858    -4.455                                 KURHFS 
  4557.182 106.00113     1.636    -4.439               3.466          AX55P 75  
  4557.216   27.0059     4.018    -4.018                                 KURHFS 
  4557.216   27.0059     4.018    -4.588                                 KURHFS 
  4557.222   27.0059     4.018    -3.992                                 KURHFS 
  4557.222   27.0059     4.018    -4.367                                 KURHFS 
  4557.222   27.0059     4.018    -4.588                                 KURHFS 
  4557.225      21.0     2.606      0.18                                        
  4557.230   27.0059     4.018    -3.911                                 KURHFS 
  4557.230   27.0059     4.018    -4.270                                 KURHFS 
  4557.230   27.0059     4.018    -4.367                                 KURHFS 
  4557.241   27.0059     4.018    -3.806                                 KURHFS 
  4557.241   27.0059     4.018    -4.235                                 KURHFS 
  4557.241   27.0059     4.018    -4.270                                 KURHFS 
  4557.251      22.0     2.504     -3.57                                        
  4557.253   27.0059     4.018    -3.693                                 KURHFS 
  4557.253   27.0059     4.018    -4.235                                 KURHFS 
  4557.253   27.0059     4.018    -4.253                                 KURHFS 
  4557.269   27.0059     4.018    -3.579                                 KURHFS 
  4557.269   27.0059     4.018    -4.253                                 KURHFS 
  4557.269   27.0059     4.018    -4.337                                 KURHFS 
  4557.276      26.0     5.616     -0.40     -7.51                    PKA17emp  
  4557.286   27.0059     4.018    -3.468                                 KURHFS 
  4557.286   27.0059     4.018    -4.337                                 KURHFS 
  4557.286   27.0059     4.018    -4.558                                 KURHFS 
  4557.307   27.0059     4.018    -3.361                                 KURHFS 
  4557.307   27.0059     4.018    -4.558                                 KURHFS 
  4557.307 106.00113     0.835    -2.269               3.466          BX12Q 95  
  4557.324 607.01214     3.366    -1.305               7.724          1214Ra0245
  4557.325 607.01314     0.978    -5.216               7.724          0103Qc0325
  4557.353 607.01314     0.741    -4.402               7.724          0103Qc0045
  4557.355 106.00113     0.835    -5.251               3.466          BX12R 95  
  4557.361 607.01314     0.741    -2.667               7.724          0103Pa0055
  4557.370 607.01314     0.741    -2.756               7.724          0103Pb0045
  4557.372 607.01314     0.978    -1.854               7.724          0103Pa0335
  4557.379 607.01214     3.356    -1.341               7.724          1214Rb0225
  4557.433 607.01314     0.978    -1.868               7.724          0103Pb0325
  4557.436 607.01214     3.356    -4.386               7.724          1214Qd0235
  4557.442 607.01214     3.189    -4.452               7.724          1113Qc0265
  4557.478 106.00113     0.835    -5.346               3.466          BX12P105  
  4557.489 607.01214     3.189    -1.288               7.724          1113Pb0265
  4557.524      23.0     2.503     -2.54                                        
  4557.526 106.00113     0.835    -2.230               3.466          BX12Q105  
  4557.529 607.01214     0.689    -2.396               7.724          0002Ra0285
  4557.538 106.00112     2.057    -1.536               3.466          AX33P275  
  4557.544 607.01214     3.189    -1.272               7.724          1113Pa0275
  4557.559      26.0     4.987     -2.82                                        
  4557.588 607.01214     0.689    -2.411               7.724          0002Rb0275
  4557.611 106.00112     2.057    -3.941               3.466          AX33Q265  
  4557.630 607.01214     0.689    -5.612               7.724          0002Qd0285
  4557.654 607.01314     3.230    -4.170               7.724          1214Qc0145
  4557.707 106.00113     0.782    -5.583               3.466          BX01P155  
  4557.710 607.01214     1.325    -5.399               7.724          0103Qc0495
  4557.714 607.01214     3.356    -1.322               7.724          1214Ra0235
  4557.719 607.01314     3.230    -1.500               7.724          1214Pa0155
  4557.729 106.00112     1.693    -2.131               3.466          AX55P 95  
  4557.734 106.00113     1.910    -3.877               3.466          AX55R155  
  4557.751 106.00112     1.693    -3.588               3.466          AX55Q 95  
  4557.759 106.00113     1.910    -1.605               3.466          AX55Q155  
  4557.765 106.00112     2.057    -1.528               3.466          AX33P265  
  4557.781   27.0059     3.626    -2.528                                 KURHFS 
  4557.783 607.01214     1.325    -1.668               7.724          0103Pa0505
  4557.788   27.0059     3.626    -2.410                                 KURHFS 
  4557.788   27.0059     3.626    -2.980                                 KURHFS 
  4557.799   27.0059     3.626    -2.292                                 KURHFS 
  4557.799   27.0059     3.626    -2.769                                 KURHFS 
  4557.799   27.0059     3.626    -3.980                                 KURHFS 
  4557.813      26.0     2.756     -5.32                                        
  4557.813   27.0059     3.626    -2.180                                 KURHFS 
  4557.813   27.0059     3.626    -2.673                                 KURHFS 
  4557.813   27.0059     3.626    -3.773                                 KURHFS 
  4557.823 106.00113     1.910    -1.614               3.466          AX55Q165  
  4557.824 607.01214     3.347    -1.359               7.724          1214Rb0215
  4557.827      21.0     1.849     -1.27                                        
  4557.831   27.0059     3.626    -2.076                                 KURHFS 
  4557.831   27.0059     3.626    -2.637                                 KURHFS 
  4557.831   27.0059     3.626    -3.745                                 KURHFS 
  4557.839 607.01314     3.230    -1.529               7.724          1214Pb0145
  4557.848 106.00113     1.910    -3.881               3.466          AX55P165  
  4557.852      22.0     2.470     -0.70                                        
  4557.852 607.01314     0.576    -2.538               7.724          0002Ra0195
  4557.853   27.0059     3.626    -1.980                                 KURHFS 
  4557.853   27.0059     3.626    -2.653                                 KURHFS 
  4557.853   27.0059     3.626    -3.825                                 KURHFS 
  4557.861 607.01314     0.964    -5.204               7.724          0103Qc0315
  4557.875 607.01214     1.325    -1.678               7.724          0103Pb0495
  4557.878   27.0059     3.626    -1.890                                 KURHFS 
  4557.878   27.0059     3.626    -2.735                                 KURHFS 
  4557.878   27.0059     3.626    -4.017                                 KURHFS 
  4557.879 607.01214     3.347    -4.368               7.724          1214Qd0225
  4557.887 607.01314     0.743    -4.482               7.724          0103Qc0055
  4557.896 607.01314     0.743    -2.592               7.724          0103Pa0065
  4557.898   27.0059     2.540    -6.617                                 KURHFS 
  4557.898   27.0059     2.540    -6.617                                 KURHFS 
  4557.898   27.0059     2.540    -6.918                                 KURHFS 
  4557.899 607.01314     0.576    -2.559               7.724          0002Rb0185
  4557.906 607.01314     0.743    -2.667               7.724          0103Pb0055
  4557.906 607.01314     0.964    -1.868               7.724          0103Pa0325
  4557.908   27.0059     3.626    -1.806                                 KURHFS 
  4557.908   27.0059     3.626    -2.953                                 KURHFS 
  4557.908   27.0059     3.626    -4.406                                 KURHFS 
  4557.921 607.01314     0.576    -5.440               7.724          0002Qd0195
  4557.923   27.0059     2.540    -6.453                                 KURHFS 
  4557.923   27.0059     2.540    -6.479                                 KURHFS 
  4557.923   27.0059     2.540    -6.793                                 KURHFS 
  4557.943 106.00113     1.678    -4.661               3.466          AX11P285  
  4557.946 106.00112     1.693    -2.090               3.466          AX55P105  
  4557.955      22.0     2.470     -1.71                                        
  4557.956   27.0059     2.540    -6.196                                 KURHFS 
  4557.956   27.0059     2.540    -6.445                                 KURHFS 
  4557.956   27.0059     2.540    -7.043                                 KURHFS 
  4557.962      40.0     1.395     -1.01                                        
  4557.966 607.01314     0.964    -1.883               7.724          0103Pb0315
  4557.998   27.0059     2.540    -5.980                                 KURHFS 
  4557.998   27.0059     2.540    -6.606                                 KURHFS 
  4557.998   27.0059     2.540    -7.471                                 KURHFS 
  4558.068      58.1     0.896     -1.82                              Lawler09  
  4558.080      64.1     0.499     -1.19                              DenHarto06
  4558.104      42.0     1.359     -1.97                              NIST/B+   
  4558.106      26.0     3.639     -2.38                                        
  4558.108      26.0     3.981     -2.90                                        
  4558.109 607.01214     0.779    -2.331               7.724          0103Ra0115
  4558.113      22.0     2.343     -1.03                              Lawler13  
  4558.118 607.01214     3.200    -4.468               7.724          1113Qc0275
  4558.128 607.01214     3.347    -1.341               7.724          1214Ra0225
  4558.133      22.0     2.343     -1.22                                        
  4558.140 607.01214     0.779    -2.367               7.724          0103Rb0105
  4558.150      66.1     2.110      0.00                              Wickliff00
  4558.156 607.01214     0.779    -4.800               7.724          0103Qd0115
  4558.160 607.01214     3.200    -1.272               7.724          1113Pb0275
  4558.183      22.1     5.659     -2.01                                        
  4558.218      26.0     4.280     -2.47                                        
  4558.223 607.01214     3.200    -1.256               7.724          1113Pa0285
  4558.233      23.1     5.875     -3.94                                        
  4558.280      24.0     4.096     -1.59                                        
  4558.287      25.0     4.422     -3.70                                        
  4558.289 607.01214     3.338    -1.379               7.724          1214Rb0205
  4558.296 106.00112     1.855    -4.610               3.466          AX00P335  
  4558.341 607.01214     3.338    -4.348               7.724          1214Qd0215
  4558.351 607.01314     3.236    -4.199               7.724          1214Qc0155
  4558.357 607.01314     0.950    -5.190               7.724          0103Qc0305
  4558.379 106.00113     1.754    -4.687               3.466          AX00P325  
  4558.381 607.01314     0.746    -4.550               7.724          0103Qc0065
  4558.391 607.01314     0.746    -2.529               7.724          0103Pa0075
  4558.401 607.01314     0.950    -1.883               7.724          0103Pa0315
  4558.404 607.01314     0.746    -2.592               7.724          0103Pb0065
  4558.411      25.1     5.544     -3.35                                        
  4558.419 607.01314     3.236    -1.472               7.724          1214Pa0165
  4558.426 106.00112     1.647    -4.556               3.466          AX22P245  
  4558.442 106.00112     1.694    -2.131               3.466          AX55P 95  
  4558.445   57.1139     0.321    -1.572                              Lawle01HFS
  4558.452   57.1139     0.321    -1.743                              Lawle01HFS
  4558.452   57.1139     0.321    -2.312                              Lawle01HFS
  4558.453      23.1     3.800     -0.93                                        
  4558.458   57.1139     0.321    -2.130                              Lawle01HFS
  4558.458   57.1139     0.321    -3.312                              Lawle01HFS
  4558.459   57.1139     0.321    -1.950                              Lawle01HFS
  4558.459 607.01314     0.950    -1.898               7.724          0103Pb0305
  4558.463 106.00112     1.694    -3.606               3.466          AX55Q 95  
  4558.464   57.1139     0.321    -2.096                              Lawle01HFS
  4558.464   57.1139     0.321    -2.221                              Lawle01HFS
  4558.464   57.1139     0.321    -2.894                              Lawle01HFS
  4558.468   57.1139     0.321    -2.155                              Lawle01HFS
  4558.468   57.1139     0.321    -2.660                              Lawle01HFS
  4558.469   57.1139     0.321    -2.639                              Lawle01HFS
  4558.471   57.1139     0.321    -2.338                              Lawle01HFS
  4558.471   57.1139     0.321    -2.514                              Lawle01HFS
  4558.473   57.1139     0.321    -2.417                              Lawle01HFS
  4558.510      22.0     3.303     -2.76                                        
  4558.531 607.01314     3.236    -1.500               7.724          1214Pb0155
  4558.563 607.01214     3.338    -1.360               7.724          1214Ra0215
  4558.572      26.1     2.640     -6.81                                        
  4558.598      58.1     0.608     -0.98                              Lawler09  
  4558.604 106.00112     1.694    -2.091               3.466          AX55P105  
  4558.623      27.0     3.729     -2.41                                        
  4558.644      24.1     4.073     -0.43                              Lawler17  
  4558.647   27.0059     3.626    -4.551                                 KURHFS 
  4558.647   27.0059     3.626    -4.618                                 KURHFS 
  4558.647   27.0059     3.626    -5.250                                 KURHFS 
  4558.655   27.0059     3.626    -4.355                                 KURHFS 
  4558.655   27.0059     3.626    -4.355                                 KURHFS 
  4558.655   27.0059     3.626    -5.095                                 KURHFS 
  4558.665   27.0059     3.626    -4.151                                 KURHFS 
  4558.665   27.0059     3.626    -4.250                                 KURHFS 
  4558.665   27.0059     3.626    -5.095                                 KURHFS 
  4558.679   27.0059     3.626    -3.981                                 KURHFS 
  4558.679   27.0059     3.626    -4.203                                 KURHFS 
  4558.679   27.0059     3.626    -5.192                                 KURHFS 
  4558.687      24.0     4.774     -1.89                                        
  4558.697   27.0059     3.626    -3.835                                 KURHFS 
  4558.697   27.0059     3.626    -4.209                                 KURHFS 
  4558.697   27.0059     3.626    -5.396                                 KURHFS 
  4558.719   27.0059     3.626    -3.706                                 KURHFS 
  4558.719   27.0059     3.626    -4.282                                 KURHFS 
  4558.719   27.0059     3.626    -5.794                                 KURHFS 
  4558.730      24.0     4.385     -1.21                                        
  4558.742      42.0     2.497     -1.72                                        
  4558.745   27.0059     3.626    -3.590                                 KURHFS 
  4558.745   27.0059     3.626    -4.493                                 KURHFS 
  4558.772 607.01214     3.329    -1.400               7.724          1214Rb0195
  4558.773      21.0     3.170     -3.19                                        
  4558.775   27.0059     3.626    -3.485                                 KURHFS 
  4558.780      28.0     4.534     -2.98                                        
  4558.783      24.1     4.070     -2.46                                        
  4558.797 607.01214     3.212    -4.483               7.724          1113Qc0285
  4558.798 106.00113     1.856    -1.695               3.466          AX44P205  
  4558.813 607.01314     0.937    -5.177               7.724          0103Qc0295
  4558.823 607.01214     3.329    -4.329               7.724          1214Qd0205
  4558.826 106.00113     1.856    -3.837               3.466          AX44Q195  
  4558.835 607.01214     3.212    -1.256               7.724          1113Pb0285
  4558.835 607.01314     0.750    -4.609               7.724          0103Qc0075
  4558.847 607.01314     0.750    -2.474               7.724          0103Pa0085
  4558.856 607.01314     0.937    -1.898               7.724          0103Pa0305
  4558.862 607.01314     0.750    -2.529               7.724          0103Pb0075
  4558.901 106.00113     1.856    -1.699               3.466          AX44P195  
  4558.906 607.01214     3.212    -1.241               7.724          1113Pa0295
  4558.907 607.01214     1.475    -5.925               7.724          0002Qc0645
  4558.913 607.01314     0.937    -1.913               7.724          0103Pb0295
  4558.962      74.0     2.240     -1.08                                        
  4558.981 607.01214     1.303    -5.391               7.724          0103Qc0485
