# RPA line list near Eu II 4129 A 
  4124.018      27.0     2.868     -4.52                                        
  4124.025 607.01214     1.795    -0.925               7.724          0607Rb0195
  4124.026 106.00112     1.278    -5.968               3.466          CX14Q 25  
  4124.026 607.01214     2.063    -0.886               7.724          0708Ra0245
  4124.027 607.01214     2.063    -0.902               7.724          0708Rb0235
  4124.034 106.00113     0.637    -1.777               3.466          BX11Q135  
  4124.039 106.00112     0.895    -4.325               3.466          AX11R185  
  4124.041      22.0     2.290     -1.34                                        
  4124.047 607.01214     1.795    -3.856               7.724          0607Qd0205
  4124.052 607.01214     2.063    -3.984               7.724          0708Qd0245
  4124.061      23.0     1.217     -1.15                              Law14nohfs
  4124.082 607.01314     1.707    -1.060               7.724          0607Ra0135
  4124.113 607.01314     1.707    -1.090               7.724          0607Rb0125
  4124.114 106.00112     1.655    -2.131               3.466          AX54R155  
  4124.128 607.01314     1.707    -3.664               7.724          0607Qd0135
  4124.137 607.01214     1.039    -0.675               7.724          0102Ra0485
  4124.144      26.0     4.442     -4.43                                        
  4124.159 106.00112     1.655    -2.080               3.466          AX54R165  
  4124.188 607.01214     1.389    -0.761               7.724          0405Ra0265
  4124.198      28.1     6.628     -7.38                                        
  4124.212 106.00112     1.655    -4.247               3.466          AX54Q165  
  4124.213 607.01214     1.039    -0.683               7.724          0102Rb0475
  4124.239 607.01214     1.389    -0.777               7.724          0405Rb0255
  4124.260      26.0     5.330     -3.23     -7.51                    PKA17thr  
  4124.269 607.01214     1.389    -3.926               7.724          0405Qd0265
  4124.271 607.01214     1.039    -4.347               7.724          0102Qd0485
  4124.292 607.01214     1.571    -0.856               7.724          0506Ra0215
  4124.309 607.01314     2.251    -0.922               7.724          0809Ra0255
  4124.335 106.00113     1.747    -4.741               3.466          CX14P185  
  4124.356 607.01314     2.251    -0.937               7.724          0809Rb0245
  4124.372      26.0     4.786     -2.50     -6.99                    PKA17thr  
  4124.377      28.0     4.161     -3.44                                        
  4124.380 607.01314     2.251    -4.054               7.724          0809Qd0255
  4124.381 106.00113     1.718    -4.747               3.466          CX25P105  
  4124.388 106.00113     1.747    -4.813               3.466          CX14P175  
  4124.389      22.0     2.486     -7.10                                        
  4124.390      24.0     3.320     -1.99                                        
  4124.392 607.01214     1.571    -0.875               7.724          0506Rb0205
  4124.401 106.00113     1.771    -4.334               3.466          AX43R225  
  4124.407 106.00113     1.718    -4.684               3.466          CX25P115  
  4124.416 607.01214     1.571    -3.846               7.724          0506Qd0215
  4124.418      24.0     3.836     -1.23                                        
  4124.430 607.01314     1.160    -0.721               7.724          0304Ra0295
  4124.431 607.01214     2.414    -0.837               7.724          0809Ra0345
  4124.448 106.00113     1.771    -1.877               3.466          AX43Q235  
  4124.457 607.01214     2.414    -0.847               7.724          0809Rb0335
  4124.486 106.00113     1.771    -1.948               3.466          AX43Q225  
  4124.488      26.0     3.639     -2.24                                        
  4124.489 607.01314     1.160    -0.735               7.724          0304Rb0285
  4124.490 607.01214     2.414    -4.220               7.724          0809Qd0345
  4124.523 607.01314     1.160    -3.977               7.724          0304Qd0295
  4124.532      23.0     2.553     -5.02                                        
  4124.533 106.00113     1.771    -4.693               3.466          AX43P235  
  4124.542      42.0     3.075     -0.78                                        
  4124.549 106.00112     1.807    -4.668               3.466          CX14P195  
  4124.558   23.0051     1.948    -4.138                                 KURHFS 
  4124.561   23.0051     1.948    -3.853                                 KURHFS 
  4124.561   23.0051     1.948    -4.108                                 KURHFS 
  4124.566   23.0051     1.948    -3.665                                 KURHFS 
  4124.566   23.0051     1.948    -4.108                                 KURHFS 
  4124.566   23.0051     1.948    -4.159                                 KURHFS 
  4124.569      24.0     2.985     -2.40                                        
  4124.571 607.01314     1.491    -0.977               7.724          0506Ra0155
  4124.573   23.0051     1.948    -3.574                                 KURHFS 
  4124.573   23.0051     1.948    -3.720                                 KURHFS 
  4124.573   23.0051     1.948    -4.284                                 KURHFS 
  4124.583   23.0051     1.948    -3.465                                 KURHFS 
  4124.583   23.0051     1.948    -3.552                                 KURHFS 
  4124.583   23.0051     1.948    -4.506                                 KURHFS 
  4124.588      23.0     1.871     -3.54                                        
  4124.592 106.00112     1.279    -5.820               3.466          CX14Q 35  
  4124.593 607.01314     1.945    -1.050               7.724          0708Ra0155
  4124.596   23.0051     1.948    -3.267                                 KURHFS 
  4124.596   23.0051     1.948    -3.606                                 KURHFS 
  4124.596   23.0051     1.948    -4.916                                 KURHFS 
  4124.603      76.0     1.411     -2.03                              Quinet06  
  4124.611   23.0051     1.948    -3.103                                 KURHFS 
  4124.611   23.0051     1.948    -3.802                                 KURHFS 
  4124.612 106.00112     1.618    -5.030               3.466          CX25P 65  
  4124.626 607.01314     1.491    -1.004               7.724          0506Rb0145
  4124.629   23.0051     1.948    -2.962                                 KURHFS 
  4124.630      66.1     0.920     -0.66                              Wickliff00
  4124.642 607.01314     1.491    -3.695               7.724          0506Qd0155
  4124.663 106.00112     1.807    -4.739               3.466          CX14P185  
  4124.690      21.0     1.994     -4.08                                        
  4124.720 607.01314     1.945    -1.076               7.724          0708Rb0145
  4124.724      71.0     0.926      0.39                                        
  4124.728      92.1     0.217     -1.12                                        
  4124.736 607.01314     1.945    -3.768               7.724          0708Qd0155
  4124.757      68.0     0.624     -0.30                                        
  4124.772 607.01314     1.307    -0.836               7.724          0405Ra0215
  4124.775 106.00112     1.618    -4.956               3.466          CX25P 75  
  4124.787      26.1     2.542     -4.20                                        
  4124.787      58.1     0.683     -0.10                              Lawler09  
  4124.797 106.00113     1.751    -4.683               3.466          CX25P115  
  4124.797 607.01314     1.307    -0.855               7.724          0405Rb0205
  4124.800 106.00113     1.751    -4.622               3.466          CX25P125  
  4124.820 106.00113     0.891    -4.325               3.466          AX11R185  
  4124.821 607.01314     1.307    -3.826               7.724          0405Qd0215
  4124.894 607.01314     1.702    -1.090               7.724          0607Ra0125
  4124.900      39.1     0.409     -1.38                              Biemont11 
  4124.904      23.0     2.581     -4.95                                        
  4124.906      24.0     4.093     -2.42                                        
  4124.911 607.01214     2.052    -0.902               7.724          0708Ra0235
  4124.913 607.01214     2.052    -0.919               7.724          0708Rb0225
  4124.918      23.0     2.579     -2.64                                        
  4124.918 106.00113     1.838    -1.133               3.466          AX00R345  
  4124.923 607.01214     1.786    -0.925               7.724          0607Ra0195
  4124.923 607.01314     1.702    -1.123               7.724          0607Rb0115
  4124.937 607.01214     2.052    -3.966               7.724          0708Qd0235
  4124.937 607.01314     1.702    -3.632               7.724          0607Qd0125
  4124.940 106.00113     0.838    -1.424               3.466          BX00P215  
  4124.978 607.01214     1.786    -0.946               7.724          0607Rb0185
  4124.981      21.0     1.985     -1.86                                        
  4124.999 607.01214     1.786    -3.834               7.724          0607Qd0195
  4125.003 106.00113     1.787    -4.561               3.466          CX25P135  
  4125.023 106.00113     1.787    -4.621               3.466          CX25P125  
  4125.024 106.00112     0.640    -1.750               3.466          BX11Q125  
  4125.053 106.00113     1.866    -4.445               3.466          CX25P155  
  4125.065 106.00113     0.838    -1.463               3.466          BX00P225  
  4125.068 106.00113     1.825    -4.502               3.466          CX25P145  
  4125.074 106.00112     0.640    -5.034               3.466          BX11R125  
  4125.100      25.0     4.243     -2.02                                        
  4125.103 106.00112     0.640    -4.964               3.466          BX11P135  
  4125.108 607.01314     2.241    -0.937               7.724          0809Ra0245
  4125.109 106.00113     1.825    -4.560               3.466          CX25P135  
  4125.115 106.00113     1.866    -4.501               3.466          CX25P145  
  4125.136      21.0     1.985     -1.26                                        
  4125.151      23.1     6.641     -2.73                                        
  4125.152 106.00112     0.640    -1.777               3.466          BX11Q135  
  4125.159 607.01314     2.241    -0.953               7.724          0809Rb0235
  4125.178      74.0     2.036     -0.69                                        
  4125.178 607.01314     2.241    -4.036               7.724          0809Qd0245
  4125.219 106.00113     1.478    -2.828               3.466          AX43P185  
  4125.222 106.00113     1.478    -4.727               3.466          AX43Q175  
  4125.224      26.0     2.452     -4.29                                        
  4125.233      62.0     0.282     -1.07                                        
  4125.236      41.0     1.353     -0.86                                        
  4125.244      26.0     4.183     -3.36                                        
  4125.270 106.00113     1.478    -2.903               3.466          AX43P175  
  4125.283      26.0     3.684     -3.26                                        
  4125.285 607.01214     2.399    -0.847               7.724          0809Ra0335
  4125.319 607.01214     2.399    -0.857               7.724          0809Rb0325
  4125.332 607.01214     1.562    -0.875               7.724          0506Ra0205
  4125.348      24.0     3.320     -2.21                                        
  4125.351 607.01214     2.399    -4.206               7.724          0809Qd0335
  4125.385 607.01314     1.938    -1.076               7.724          0708Ra0145
  4125.396 607.01214     1.377    -0.777               7.724          0405Ra0255
  4125.398   25.0055     2.918    -3.568                                 KURHFS 
  4125.401   25.0055     2.918    -3.780                                 KURHFS 
  4125.401   25.0055     2.918    -4.257                                 KURHFS 
  4125.403   25.0055     2.918    -4.053                                 KURHFS 
  4125.403   25.0055     2.918    -4.111                                 KURHFS 
  4125.403   25.0055     2.918    -5.211                                 KURHFS 
  4125.404   25.0055     2.918    -4.132                                 KURHFS 
  4125.404   25.0055     2.918    -4.463                                 KURHFS 
  4125.404   25.0055     2.918    -4.831                                 KURHFS 
  4125.405   25.0055     2.918    -4.287                                 KURHFS 
  4125.405   25.0055     2.918    -4.655                                 KURHFS 
  4125.406   25.0055     2.918    -4.609                                 KURHFS 
  4125.416      58.1     0.703     -1.51                              Lawler09  
  4125.425      23.0     2.563     -2.13                                        
  4125.436 607.01214     1.562    -0.895               7.724          0506Rb0195
  4125.441      24.0     4.204     -0.79                                        
  4125.446 607.01214     1.377    -0.793               7.724          0405Rb0245
  4125.452      22.0     2.101     -6.22                                        
  4125.459 607.01214     1.562    -3.826               7.724          0506Qd0205
  4125.466 607.01314     1.484    -1.004               7.724          0506Ra0145
  4125.475 607.01214     1.377    -3.910               7.724          0405Qd0255
  4125.487      24.0     3.008     -2.18                                        
  4125.487 106.00112     1.656    -2.080               3.466          AX54R165  
  4125.508 607.01314     1.938    -1.105               7.724          0708Rb0135
  4125.514      24.0     3.108     -9.59                                        
  4125.517 106.00112     1.656    -2.131               3.466          AX54R155  
  4125.518 607.01314     1.484    -1.032               7.724          0506Rb0135
  4125.522 607.01314     1.938    -3.739               7.724          0708Qd0145
  4125.534 607.01314     1.484    -3.667               7.724          0506Qd0145
  4125.541 106.00112     1.656    -4.220               3.466          AX54Q165  
  4125.557      24.0     2.980     -2.29                                        
  4125.561      20.0     4.677     -4.46                                        
  4125.568      41.0     0.267     -1.86                                        
  4125.618      26.0     4.220     -0.55                              NIST/E    
  4125.689 607.01314     1.697    -1.123               7.724          0607Ra0115
  4125.717 607.01314     1.697    -1.159               7.724          0607Rb0105
  4125.719 607.01314     1.148    -0.735               7.724          0304Ra0285
  4125.730 607.01314     1.697    -3.596               7.724          0607Qd0115
  4125.745      22.0     2.248     -1.61                                        
  4125.773      58.1     0.459     -1.17                              Lawler09  
  4125.778 607.01314     1.148    -0.750               7.724          0304Rb0275
  4125.790 607.01214     2.042    -0.919               7.724          0708Ra0225
  4125.791 607.01214     2.042    -0.936               7.724          0708Rb0215
  4125.810 607.01314     1.148    -3.962               7.724          0304Qd0285
  4125.814 607.01214     2.042    -3.946               7.724          0708Qd0225
  4125.815      25.0     5.083     -0.75                                        
  4125.822   23.0051     1.954    -4.043                                 KURHFS 
  4125.822   23.0051     1.954    -4.110                                 KURHFS 
  4125.822   23.0051     1.954    -4.742                                 KURHFS 
  4125.823 106.00113     1.284    -5.880               3.466          AX43P135  
  4125.828   23.0051     1.954    -3.847                                 KURHFS 
  4125.828   23.0051     1.954    -3.847                                 KURHFS 
  4125.828   23.0051     1.954    -4.587                                 KURHFS 
  4125.828 607.01314     1.298    -0.855               7.724          0405Ra0205
  4125.837   23.0051     1.954    -3.643                                 KURHFS 
  4125.837   23.0051     1.954    -3.742                                 KURHFS 
  4125.837   23.0051     1.954    -4.587                                 KURHFS 
  4125.848   23.0051     1.954    -3.473                                 KURHFS 
  4125.848   23.0051     1.954    -3.695                                 KURHFS 
  4125.848   23.0051     1.954    -4.684                                 KURHFS 
  4125.856 607.01314     1.298    -0.876               7.724          0405Rb0195
  4125.862 607.01214     1.777    -0.946               7.724          0607Ra0185
  4125.863   23.0051     1.954    -3.327                                 KURHFS 
  4125.863   23.0051     1.954    -3.701                                 KURHFS 
  4125.863   23.0051     1.954    -4.888                                 KURHFS 
  4125.864 607.01214     0.960    -0.850               7.724          0001Ra0555
  4125.871 607.01314     1.298    -3.806               7.724          0405Qd0205
  4125.880      26.0     2.845     -2.21                              NIST/C    
  4125.880   23.0051     1.954    -3.198                                 KURHFS 
  4125.880   23.0051     1.954    -3.774                                 KURHFS 
  4125.880   23.0051     1.954    -5.286                                 KURHFS 
  4125.888 106.00112     0.897    -4.270               3.466          AX11R185  
  4125.899 607.01314     2.231    -0.953               7.724          0809Ra0235
  4125.901   23.0051     1.954    -3.082                                 KURHFS 
  4125.901   23.0051     1.954    -3.985                                 KURHFS 
  4125.916 607.01214     1.777    -0.969               7.724          0607Rb0175
  4125.924   23.0051     1.954    -2.977                                 KURHFS 
  4125.936 607.01214     1.777    -3.811               7.724          0607Qd0185
  4125.940      64.0     1.053     -0.34                                        
  4125.940 607.01214     0.960    -0.858               7.724          0001Rb0545
  4125.946 607.01314     2.231    -0.970               7.724          0809Rb0225
  4125.959 106.00112     1.649    -2.863               3.466          AX32P255  
  4125.969 607.01314     2.231    -4.017               7.724          0809Qd0235
  4126.008 607.01214     0.960    -4.634               7.724          0001Qd0555
  4126.012 106.00112     1.649    -4.969               3.466          AX32Q245  
  4126.029 106.00112     0.463    -4.272               3.466          AX00R165  
  4126.078 607.01214     1.018    -0.684               7.724          0102Ra0475
  4126.086      24.0     2.707     -5.51                                        
  4126.086      66.0     1.597      0.55                                        
  4126.104      26.0     4.442     -3.83                                        
  4126.124 106.00112     1.649    -2.973               3.466          AX32P245  
  4126.137 607.01214     2.385    -0.857               7.724          0809Ra0325
  4126.139 106.00112     1.270    -5.966               3.466          CX14Q 25  
  4126.145 106.00112     1.640    -4.954               3.466          CX25P 75  
  4126.150 607.01314     1.933    -1.105               7.724          0708Ra0135
  4126.154 607.01214     1.018    -0.692               7.724          0102Rb0465
  4126.177 607.01214     2.385    -0.868               7.724          0809Rb0315
  4126.180      41.1     1.930     -1.49                              Nilsson10 
  4126.183      26.0     3.332     -0.92                              NIST/D    
  4126.186      20.0     4.677     -3.31                                        
  4126.208 607.01214     2.385    -4.191               7.724          0809Qd0325
  4126.211 607.01214     1.018    -4.338               7.724          0102Qd0475
  4126.244      26.0     4.140     -1.98                                        
  4126.263      23.0     2.580     -2.80                                        
  4126.266 106.00112     1.640    -4.883               3.466          CX25P 85  
  4126.283 607.01314     1.933    -1.135               7.724          0708Rb0125
  4126.292      24.0     4.204     -2.80                                        
  4126.295 607.01314     1.933    -3.709               7.724          0708Qd0135
  4126.343 607.01314     1.478    -1.032               7.724          0506Ra0135
  4126.348      58.1     0.808     -0.73                                BIEMONT 
  4126.353 607.01214     1.553    -0.895               7.724          0506Ra0195
  4126.392 607.01314     1.478    -1.063               7.724          0506Rb0125
  4126.396      24.0     4.204     -1.53                                        
  4126.407 607.01314     1.478    -3.637               7.724          0506Qd0135
  4126.460 607.01214     1.553    -0.917               7.724          0506Rb0185
  4126.469 607.01314     1.692    -1.159               7.724          0607Ra0105
  4126.470      60.1     0.204     -1.55                              DenHarto03
  4126.482 607.01214     1.553    -3.804               7.724          0506Qd0195
  4126.495 607.01314     1.692    -1.198               7.724          0607Rb0095
  4126.506 607.01314     1.692    -3.558               7.724          0607Qd0105
  4126.512      24.0     2.542     -0.65                                        
  4126.524      42.0     3.387     -0.79                                        
  4126.551      21.0     2.318     -0.92                                        
  4126.584 607.01214     1.366    -0.793               7.724          0405Ra0245
  4126.603 106.00113     1.390    -3.040               3.466          AX54P 85  
  4126.633 607.01214     1.366    -0.810               7.724          0405Rb0235
  4126.649 106.00113     0.893    -4.270               3.466          AX11R185  
  4126.652      58.1     0.553     -0.95                              Lawler09  
  4126.653 106.00113     1.390    -4.309               3.466          AX54Q 85  
  4126.661 607.01214     1.366    -3.892               7.724          0405Qd0245
  4126.661 607.01214     2.033    -0.936               7.724          0708Ra0215
  4126.662 607.01214     2.033    -0.955               7.724          0708Rb0205
  4126.663      24.0     4.528     -3.91                                        
  4126.678 106.00113     1.523    -2.202               3.466          AX54Q125  
  4126.679 106.00113     1.523    -4.141               3.466          AX54R125  
  4126.684 607.01214     2.033    -3.926               7.724          0708Qd0215
  4126.684 607.01314     2.221    -0.970               7.724          0809Ra0225
  4126.733 607.01314     2.221    -0.987               7.724          0809Rb0215
  4126.745   25.0055     2.918    -4.463                                 KURHFS 
  4126.745   25.0055     2.918    -5.381                                 KURHFS 
  4126.745   25.0055     2.918    -6.598                                 KURHFS 
  4126.748   25.0055     2.918    -4.603                                 KURHFS 
  4126.748   25.0055     2.918    -5.205                                 KURHFS 
  4126.748   25.0055     2.918    -6.246                                 KURHFS 
  4126.750   25.0055     2.918    -4.761                                 KURHFS 
  4126.750   25.0055     2.918    -5.179                                 KURHFS 
  4126.750   25.0055     2.918    -6.121                                 KURHFS 
  4126.751   25.0055     2.918    -4.945                                 KURHFS 
  4126.751   25.0055     2.918    -5.246                                 KURHFS 
  4126.751   25.0055     2.918    -6.200                                 KURHFS 
  4126.752   25.0055     2.918    -5.167                                 KURHFS 
  4126.752   25.0055     2.918    -5.422                                 KURHFS 
  4126.753   25.0055     2.918    -5.452                                 KURHFS 
  4126.754 607.01314     2.221    -3.997               7.724          0809Qd0225
  4126.786 607.01214     1.770    -0.969               7.724          0607Ra0175
  4126.799      74.0     2.385     -0.16                                        
  4126.800 106.00113     1.523    -2.139               3.466          AX54Q135  
  4126.800 106.00113     1.523    -4.433               3.466          AX54P135  
  4126.838 607.01214     1.770    -0.992               7.724          0607Rb0165
  4126.843 106.00113     1.390    -2.969               3.466          AX54P 95  
  4126.855      26.0     2.845     -2.49                              NIST/D    
  4126.856 607.01314     1.289    -0.876               7.724          0405Ra0195
  4126.857 607.01214     1.770    -3.787               7.724          0607Qd0175
  4126.882 607.01314     1.289    -0.897               7.724          0405Rb0185
  4126.886      25.0     4.350     -4.32                                        
  4126.903 607.01314     1.289    -3.785               7.724          0405Qd0195
  4126.904 607.01314     1.927    -1.135               7.724          0708Ra0125
  4126.917      24.0     2.708     -2.17                                        
  4126.935 106.00113     1.773    -1.878               3.466          AX43Q235  
  4126.943 106.00112     1.367    -3.129               3.466          AX54P 75  
  4126.967 106.00113     0.461    -4.272               3.466          AX00R165  
  4126.976 106.00113     1.285    -5.921               3.466          AX43P135  
  4126.985 607.01214     2.372    -0.868               7.724          0809Ra0315
  4126.987 607.01314     1.136    -0.750               7.724          0304Ra0275
  4126.988 106.00112     1.367    -4.290               3.466          AX54Q 75  
  4126.994 106.00113     1.773    -4.362               3.466          AX43R225  
  4127.029 106.00112     0.843    -1.423               3.466          BX00P215  
  4127.031 106.00113     1.773    -4.668               3.466          AX43P235  
  4127.032 607.01214     2.372    -0.879               7.724          0809Rb0305
  4127.045 607.01314     1.136    -0.765               7.724          0304Rb0265
  4127.046 607.01314     1.927    -1.168               7.724          0708Rb0115
  4127.055 607.01314     1.927    -3.676               7.724          0708Qd0125
  4127.057      24.1     5.666     -1.77                                        
  4127.062 607.01214     2.372    -4.175               7.724          0809Qd0315
  4127.070 106.00112     1.207    -5.818               3.466          CX03Q115  
  4127.076 607.01314     1.136    -3.946               7.724          0304Qd0275
  4127.086      22.0     1.459     -0.56                                        
  4127.090 106.00113     1.773    -1.948               3.466          AX43Q225  
  4127.099      58.1     0.736     -1.14                              Lawler09  
  4127.103 106.00113     1.390    -3.040               3.466          AX54P 85  
  4127.137 106.00112     1.208    -5.765               3.466          CX03Q125  
  4127.153 106.00113     1.390    -4.326               3.466          AX54Q 85  
  4127.174 106.00112     0.843    -1.463               3.466          BX00P225  
  4127.200 607.01314     1.473    -1.063               7.724          0506Ra0125
  4127.210 106.00112     1.368    -3.052               3.466          AX54P 85  
  4127.233 607.01314     1.688    -1.198               7.724          0607Ra0095
  4127.241      26.0     4.446     -2.88     -7.19                    PKA17thr  
  4127.248 607.01314     1.473    -1.096               7.724          0506Rb0115
  4127.252      24.0     2.543     -2.95                                        
  4127.257 607.01314     1.688    -1.242               7.724          0607Rb0085
  4127.261      63.0     1.992      0.28                                        
  4127.261 607.01314     1.473    -3.605               7.724          0506Qd0125
  4127.263      23.1     6.465     -3.68                                        
  4127.267 607.01314     1.688    -3.516               7.724          0607Qd0095
  4127.296      24.0     4.102      0.01                                        
  4127.301 106.00113     1.390    -2.969               3.466          AX54P 95  
  4127.330 106.00112     1.781    -5.278               3.466          CX03P235  
  4127.351 106.00112     1.368    -3.128               3.466          AX54P 75  
  4127.353 607.01214     1.545    -0.917               7.724          0506Ra0185
  4127.360 106.00112     1.666    -4.882               3.466          CX25P 85  
  4127.364      58.1     0.683      0.31                              Lawler09  
  4127.365   23.0051     2.377    -4.884                                 KURHFS 
  4127.365   23.0051     2.377    -5.510                                 KURHFS 
  4127.365   23.0051     2.377    -6.375                                 KURHFS 
  4127.372   23.0051     2.377    -5.100                                 KURHFS 
  4127.372   23.0051     2.377    -5.349                                 KURHFS 
  4127.372   23.0051     2.377    -5.947                                 KURHFS 
  4127.377   23.0051     2.377    -5.357                                 KURHFS 
  4127.377   23.0051     2.377    -5.383                                 KURHFS 
  4127.377   23.0051     2.377    -5.697                                 KURHFS 
  4127.381   23.0051     2.377    -5.521                                 KURHFS 
  4127.381   23.0051     2.377    -5.521                                 KURHFS 
  4127.381   23.0051     2.377    -5.822                                 KURHFS 
  4127.397 106.00112     1.368    -4.305               3.466          AX54Q 75  
  4127.435      44.0     0.259     -1.76                                        
  4127.439      28.0     4.263     -1.49                                        
  4127.446 106.00112     1.666    -4.814               3.466          CX25P 95  
  4127.455      41.0     2.096     -0.07                                        
  4127.463 607.01314     2.212    -0.987               7.724          0809Ra0215
  4127.465 607.01214     1.545    -0.939               7.724          0506Rb0175
  4127.484 106.00112     1.482    -4.696               3.466          AX43Q175  
  4127.487 607.01214     1.545    -3.782               7.724          0506Qd0185
  4127.489      26.0     3.271     -6.54                                        
  4127.498 106.00112     1.781    -5.340               3.466          CX03P225  
  4127.513 607.01314     2.212    -1.006               7.724          0809Rb0205
  4127.523 607.01214     2.024    -0.955               7.724          0708Ra0205
  4127.524 607.01214     2.024    -0.975               7.724          0708Rb0195
  4127.531      22.0     2.693     -1.05                                        
  4127.532 607.01314     2.212    -3.977               7.724          0809Qd0215
  4127.542 106.00112     1.482    -2.902               3.466          AX43P175  
  4127.545 607.01214     2.024    -3.905               7.724          0708Qd0205
  4127.575 106.00112     1.483    -2.827               3.466          AX43P185  
  4127.578 106.00112     1.368    -3.052               3.466          AX54P 85  
  4127.592 106.00112     0.464    -4.221               3.466          AX00R165  
  4127.608      26.0     2.858     -0.96                              NIST/B    
  4127.635      24.0     2.708     -3.50                                        
  4127.642 106.00113     1.523    -4.158               3.466          AX54R125  
  4127.643 106.00113     1.523    -2.202               3.466          AX54Q125  
  4127.645 607.01314     1.922    -1.168               7.724          0708Ra0115
  4127.695 607.01214     1.762    -0.992               7.724          0607Ra0165
  4127.701      23.0     1.941     -1.19                                        
  4127.703 106.00113     1.524    -2.139               3.466          AX54Q135  
  4127.704      64.1     1.583     -0.71                                        
  4127.704 106.00113     1.524    -4.419               3.466          AX54P135  
  4127.737      26.0     4.442     -4.07                                        
  4127.746 607.01214     1.762    -1.017               7.724          0607Rb0155
  4127.748      24.0     4.529     -3.21                                        
  4127.748      58.1     0.559     -0.34                              Lawler09  
  4127.752 607.01214     1.356    -0.810               7.724          0405Ra0235
  4127.762 607.01214     1.762    -3.762               7.724          0607Qd0165
  4127.784      26.0     3.283     -1.61                              DenHarto14
  4127.789      72.1     1.780     -1.02                              DenHarto21
  4127.793      25.0     4.357     -2.12                                        
  4127.795 607.01314     1.922    -1.204               7.724          0708Rb0105
  4127.801 607.01214     1.356    -0.827               7.724          0405Rb0225
  4127.802 607.01314     1.922    -3.641               7.724          0708Qd0115
  4127.813      26.0     3.412     -1.28                                        
  4127.827 607.01214     1.356    -3.874               7.724          0405Qd0235
  4127.831 607.01214     2.358    -0.879               7.724          0809Ra0305
  4127.869 607.01314     1.281    -0.897               7.724          0405Ra0185
  4127.871      44.0     1.732     -0.91                                        
  4127.880      73.0     0.491     -1.85                                        
  4127.883 607.01214     2.358    -0.891               7.724          0809Rb0295
  4127.886      26.0     3.692     -4.69                                        
  4127.895 607.01314     1.281    -0.920               7.724          0405Rb0175
  4127.909 106.00113     1.697    -4.814               3.466          CX14P175  
  4127.913 607.01214     2.358    -4.160               7.724          0809Qd0305
  4127.916 607.01314     1.281    -3.762               7.724          0405Qd0185
  4127.922      77.0     1.727     -1.99                                        
  4127.943      25.1     6.128     -4.12                                        
  4127.943      26.0     4.368     -2.21                                        
  4127.950 106.00113     1.697    -4.888               3.466          CX14P165  
  4127.970      40.0     0.519     -1.49                                        
  4127.980 607.01314     1.684    -1.242               7.724          0607Ra0085
  4127.996 607.01214     0.996    -0.692               7.724          0102Ra0465
  4128.003 607.01314     1.684    -1.290               7.724          0607Rb0075
  4128.012 607.01314     1.684    -3.470               7.724          0607Qd0085
  4128.036      22.0     2.266     -6.70                                        
  4128.040 607.01314     1.468    -1.096               7.724          0506Ra0115
  4128.060 607.01214     0.935    -0.858               7.724          0001Ra0545
  4128.061      58.1     0.445     -0.62                              Lawler09  
  4128.064      23.0     0.275     -0.13                              Law14nohfs
  4128.071 607.01214     0.996    -0.701               7.724          0102Rb0455
  4128.084 607.01314     1.468    -1.132               7.724          0506Rb0105
  4128.097 607.01314     1.468    -3.569               7.724          0506Qd0115
  4128.100      24.0     2.706     -2.85                                        
  4128.110      62.1     0.104     -2.35                              Lawler06  
  4128.118      25.0     4.255     -0.71                                        
  4128.119      26.0     4.435     -2.44     -7.25                    PKA17thr  
  4128.120      60.1     0.559     -1.41                              DenHarto03
  4128.126 607.01214     0.996    -4.329               7.724          0102Qd0465
  4128.129      25.1     1.775     -2.86                                        
  4128.135      23.0     3.275     -4.60                                        
  4128.137 607.01214     0.935    -0.866               7.724          0001Rb0535
  4128.203 607.01214     0.935    -4.627               7.724          0001Qd0545
  4128.219      22.0     2.173     -4.35                                        
  4128.226      23.1     2.898     -3.53                                        
  4128.233 607.01314     1.124    -0.765               7.724          0304Ra0265
  4128.236 607.01314     2.204    -1.006               7.724          0809Ra0205
  4128.240      66.1     0.930     -0.79                              Wickliff00
  4128.275      25.1     6.900     -6.17                                        
  4128.280 106.00112     1.694    -4.813               3.466          CX25P 95  
  4128.282      42.0     2.075     -1.42                                        
  4128.285 607.01314     2.204    -1.025               7.724          0809Rb0195
  4128.290 607.01314     1.124    -0.781               7.724          0304Rb0255
  4128.291 106.00112     1.323    -5.316               3.466          AX54P 55  
  4128.299      39.0     0.066      0.38                                        
  4128.303 607.01314     2.204    -3.955               7.724          0809Qd0205
  4128.320 607.01314     1.124    -3.930               7.724          0304Qd0265
  4128.325      25.0     4.341     -1.06                                        
  4128.334      92.1     0.548     -0.80                                        
  4128.334 607.01214     1.537    -0.939               7.724          0506Ra0175
  4128.335 106.00112     1.694    -4.747               3.466          CX25P105  
  4128.360      14.0     4.129     -4.64                                        
  4128.360      58.1     0.932     -0.28                              Lawler09  
  4128.369 607.01314     1.918    -1.204               7.724          0708Ra0105
  4128.377 607.01214     2.015    -0.975               7.724          0708Ra0195
  4128.378 607.01214     2.015    -0.995               7.724          0708Rb0185
  4128.380      64.1     0.382     -2.10                              DenHarto06
  4128.383      25.1     5.393     -4.30                                        
  4128.398 607.01214     2.015    -3.883               7.724          0708Qd0195
  4128.409      24.0     4.096     -0.17                                        
  4128.444 106.00112     1.288    -5.879               3.466          AX43P135  
  4128.452 607.01214     1.537    -0.963               7.724          0506Rb0165
  4128.466      26.0     4.280     -3.86                                        
  4128.467      24.0     3.011     -2.45                                        
  4128.468 106.00112     1.754    -4.740               3.466          CX14P185  
  4128.473 607.01214     1.537    -3.758               7.724          0506Qd0175
  4128.512 106.00113     0.462    -4.221               3.466          AX00R165  
  4128.514      22.0     2.406     -5.81                                        
  4128.523 106.00112     1.490    -4.134               3.466          AX54R115  
  4128.532 607.01314     1.918    -1.243               7.724          0708Rb0095
  4128.534 106.00112     1.323    -5.333               3.466          AX54P 55  
  4128.534 607.01314     1.918    -3.603               7.724          0708Qd0105
  4128.537 106.00112     1.490    -2.264               3.466          AX54Q115  
  4128.539      26.0     3.692     -5.70                                        
  4128.566 106.00112     1.754    -4.813               3.466          CX14P175  
  4128.587      24.0     4.102     -1.45                                        
  4128.588 607.01214     1.755    -1.017               7.724          0607Ra0155
  4128.615      25.1     5.414     -4.51                                        
  4128.635 607.01214     1.755    -1.044               7.724          0607Rb0145
  4128.652 607.01214     1.755    -3.735               7.724          0607Qd0155
  4128.664 106.00112     1.490    -2.199               3.466          AX54Q125  
  4128.673 607.01214     2.346    -0.891               7.724          0809Ra0295
  4128.678 106.00112     1.490    -4.430               3.466          AX54P125  
  4128.708      60.1     0.680     -0.92                                        
  4128.711 607.01314     1.681    -1.290               7.724          0607Ra0075
  4128.730 607.01214     2.346    -0.903               7.724          0809Rb0285
  4128.732 607.01314     1.681    -1.344               7.724          0607Rb0065
  4128.740 607.01314     1.681    -3.419               7.724          0607Qd0075
  4128.748      26.1     2.583     -3.63                              MelBar09-L
  4128.758 607.01214     2.346    -4.143               7.724          0809Qd0295
  4128.851      23.0     1.941     -0.35                              Law14nohfs
  4128.862 607.01314     1.273    -0.920               7.724          0405Ra0175
  4128.862 607.01314     1.463    -1.132               7.724          0506Ra0105
  4128.868      24.0     4.204     -4.11                                        
  4128.870      45.0     0.966     -0.45                              DL85/NI/B 
  4128.874      25.1     1.808     -5.55                                        
  4128.875      21.0     3.055     -3.30                                        
  4128.890 607.01314     1.273    -0.943               7.724          0405Rb0165
  4128.900 607.01214     1.345    -0.827               7.724          0405Ra0225
  4128.903 607.01314     1.463    -1.172               7.724          0506Rb0095
  4128.909 607.01314     1.273    -3.739               7.724          0405Qd0175
  4128.914 607.01314     1.463    -3.531               7.724          0506Qd0105
  4128.932 106.00112     1.724    -4.746               3.466          CX25P105  
  4128.935      23.1     6.334     -1.36                                        
  4128.947 607.01214     1.345    -0.846               7.724          0405Rb0215
  4128.957      76.0     0.516     -2.01                              Quinet06  
  4128.959 106.00112     1.724    -4.683               3.466          CX25P115  
  4128.971      22.0     2.091     -5.86                                        
  4128.973      24.0     4.204     -2.60                                        
  4128.973 607.01214     1.345    -3.856               7.724          0405Qd0225
  4129.000 607.01314     2.196    -1.025               7.724          0809Ra0195
  4129.048 607.01314     2.196    -1.046               7.724          0809Rb0185
  4129.066 607.01314     2.196    -3.933               7.724          0809Qd0195
  4129.077 607.01314     1.913    -1.243               7.724          0708Ra0095
  4129.118      66.0     1.354      0.67                                        
  4129.124 106.00112     1.855    -1.132               3.466          AX00R345  
  4129.125      26.0     4.100     -3.40                                        
  4129.147      59.1     1.038     -0.01                                        
  4129.150      26.0     4.446     -3.40     -7.15                    PKA17thr  
  4129.159      22.1     1.891     -2.10                              APJADJ-1.40
  4129.159      24.0     3.011     -1.95                                        
  4129.166      22.0     2.316     -0.23                                        
  4129.174      58.1     0.740     -0.78                              Lawler09  
  4129.184      24.0     2.911     -1.37                                        
  4129.194      26.0     3.414     -2.03                                        
  4129.220      62.1     0.248     -1.40                                        
  4129.235      23.1     6.286     -1.57                                        
  4129.242 607.01214     2.007    -3.860               7.724          0708Qd0185
  4129.253 607.01314     1.913    -3.561               7.724          0708Qd0095
  4129.256 607.01314     1.913    -1.286               7.724          0708Rb0085
  4129.257 106.00112     1.855    -1.132               3.466          AX00R335  
  4129.274 106.00112     1.484    -4.726               3.466          AX43Q175  
  4129.278 106.00112     1.484    -2.827               3.466          AX43P185  
  4129.293 607.01214     1.529    -0.963               7.724          0506Ra0165
  4129.293 607.01214     2.007    -0.996               7.724          0708Ra0185
  4129.311 607.01214     2.007    -1.017               7.724          0708Rb0175
  4129.315 106.00112     1.855    -3.811               3.466          AX00Q345  
  4129.332 106.00112     1.484    -2.902               3.466          AX43P175  
  4129.350 106.00112     1.758    -4.682               3.466          CX25P115  
  4129.352 106.00112     1.758    -4.621               3.466          CX25P125  
  4129.355 106.00113     1.845    -1.132               3.466          AX00R335  
  4129.365 106.00113     1.845    -3.811               3.466          AX00Q345  
  4129.373 106.00112     1.491    -4.150               3.466          AX54R115  
  4129.387 106.00112     1.491    -2.264               3.466          AX54Q115  
  4129.420      66.1     0.540     -0.61                              Wickliff00
  4129.420 607.01214     1.529    -0.988               7.724          0506Rb0155
  4129.426      41.0     0.086     -0.78                                        
  4129.426 607.01314     1.678    -1.344               7.724          0607Ra0065
  4129.439 607.01214     1.529    -3.733               7.724          0506Qd0165
  4129.442      73.0     0.249     -1.60                                        
  4129.445 607.01314     1.678    -1.407               7.724          0607Rb0055
  4129.452 607.01314     1.678    -3.360               7.724          0607Qd0065
  4129.456 106.00112     1.491    -2.199               3.466          AX54Q125  
  4129.458 607.01314     1.113    -0.781               7.724          0304Ra0255
  4129.461      26.0     3.397     -1.94                              NIST/E    
  4129.465 607.01214     1.749    -1.044               7.724          0607Ra0145
  4129.469 106.00112     1.491    -4.417               3.466          AX54P125  
  4129.510 607.01214     1.749    -1.072               7.724          0607Rb0135
  4129.511 607.01214     2.333    -0.903               7.724          0809Ra0285
  4129.514 607.01314     1.113    -0.797               7.724          0304Rb0245
  4129.524      26.0     4.412     -4.10                                        
  4129.526 607.01214     1.749    -3.707               7.724          0607Qd0145
  4129.542 607.01314     1.113    -3.914               7.724          0304Qd0255
  4129.555 106.00112     1.794    -4.560               3.466          CX25P135  
  4129.572 607.01214     2.333    -0.916               7.724          0809Rb0275
  4129.576 106.00112     1.794    -4.620               3.466          CX25P125  
  4129.584 106.00112     1.916    -4.389               3.466          CX25P165  
  4129.597   63.1151     0.000    -1.512                              Law01HFSIS
  4129.600   63.1151     0.000    -1.035                              Law01HFSIS
  4129.600 607.01214     2.333    -4.127               7.724          0809Qd0285
  4129.604 106.00112     1.873    -4.444               3.466          CX25P155  
  4129.609 106.00112     1.289    -5.920               3.466          AX43P135  
  4129.614   63.1151     0.000    -1.316                              Law01HFSIS
  4129.618   63.1151     0.000    -0.977                              Law01HFSIS
  4129.619 106.00112     1.832    -4.501               3.466          CX25P145  
  4129.622   63.1151     0.000    -1.512                              Law01HFSIS
  4129.639   63.1151     0.000    -1.257                              Law01HFSIS
  4129.643      22.0     2.238     -1.99                                        
  4129.644   63.1151     0.000    -0.847                              Law01HFSIS
  4129.644 106.00112     1.962    -4.336               3.466          CX25P175  
  4129.649   63.1151     0.000    -1.316                              Law01HFSIS
  4129.657      22.0     2.776     -2.30                                        
  4129.661 106.00112     1.832    -4.559               3.466          CX25P135  
  4129.662 607.01314     1.459    -1.172               7.724          0506Ra0095
  4129.665 106.00112     1.916    -4.443               3.466          CX25P155  
  4129.666 106.00112     1.873    -4.500               3.466          CX25P145  
  4129.672   63.1151     0.000    -1.294                              Law01HFSIS
  4129.677   63.1153     0.000    -1.513                              Law01HFSIS
  4129.678   63.1151     0.000    -0.696                              Law01HFSIS
  4129.680   63.1153     0.000    -1.035                              Law01HFSIS
  4129.684   63.1151     0.000    -1.257                              Law01HFSIS
  4129.684   63.1153     0.000    -1.316                              Law01HFSIS
  4129.687   63.1153     0.000    -0.977                              Law01HFSIS
  4129.690   63.1153     0.000    -1.513                              Law01HFSIS
  4129.692      26.0     3.249     -6.31                                        
  4129.694   63.1153     0.000    -1.257                              Law01HFSIS
  4129.697   63.1153     0.000    -0.847                              Law01HFSIS
  4129.701   63.1153     0.000    -1.316                              Law01HFSIS
  4129.701 607.01314     1.459    -1.215               7.724          0506Rb0085
  4129.709   63.1153     0.000    -1.294                              Law01HFSIS
  4129.712   63.1153     0.000    -0.697                              Law01HFSIS
  4129.712 607.01314     1.459    -3.490               7.724          0506Qd0095
  4129.713   63.1151     0.000    -1.480                              Law01HFSIS
  4129.715   63.1153     0.000    -1.257                              Law01HFSIS
  4129.720   63.1151     0.000    -0.545                              Law01HFSIS
  4129.724      22.0     2.425     -5.58                                        
  4129.726   63.1151     0.000    -1.294                              Law01HFSIS
  4129.730   63.1153     0.000    -0.545                              Law01HFSIS
  4129.730   63.1153     0.000    -1.480                              Law01HFSIS
  4129.733   63.1153     0.000    -1.294                              Law01HFSIS
  4129.742 106.00112     1.962    -4.388               3.466          CX25P165  
  4129.752      21.0     2.008     -2.86                                        
  4129.755   63.1153     0.000    -0.401                              Law01HFSIS
  4129.756   63.1153     0.000    -1.480                              Law01HFSIS
  4129.757 607.01314     2.188    -1.046               7.724          0809Ra0185
  4129.765 607.01314     1.910    -1.286               7.724          0708Ra0085
  4129.770   63.1151     0.000    -0.401                              Law01HFSIS
  4129.777   63.1151     0.000    -1.480                              Law01HFSIS
  4129.804 607.01314     2.188    -1.067               7.724          0809Rb0175
  4129.806   27.0059     3.809    -2.593                                 KURHFS 
  4129.806   27.0059     3.809    -2.614                                 KURHFS 
  4129.806   27.0059     3.809    -2.739                                 KURHFS 
  4129.822 607.01314     2.188    -3.910               7.724          0809Qd0185
  4129.825   27.0059     3.809    -2.272                                 KURHFS 
  4129.825   27.0059     3.809    -2.593                                 KURHFS 
  4129.825   27.0059     3.809    -3.070                                 KURHFS 
  4129.826 106.00113     1.841    -1.133               3.466          AX00R345  
  4129.837      60.1     2.023      0.18                                        
  4129.839 607.01314     1.266    -0.943               7.724          0405Ra0165
  4129.865 607.01314     1.266    -0.969               7.724          0405Rb0155
  4129.883 106.00112     2.010    -4.285               3.466          CX25P185  
  4129.884 607.01314     1.266    -3.714               7.724          0405Qd0165
  4129.890 607.01214     0.975    -0.702               7.724          0102Ra0455
  4129.958 607.01314     1.910    -3.515               7.724          0708Qd0085
  4129.960   23.0051     2.255    -3.290                                 KURHFS 
  4129.960   23.0051     2.255    -3.545                                 KURHFS 
  4129.960   23.0051     2.255    -3.575                                 KURHFS 
  4129.964 607.01214     0.975    -0.711               7.724          0102Rb0445
  4129.966   23.0051     2.255    -3.102                                 KURHFS 
  4129.966   23.0051     2.255    -3.157                                 KURHFS 
  4129.966   23.0051     2.255    -3.545                                 KURHFS 
  4129.967 607.01314     1.910    -1.334               7.724          0708Rb0075
  4129.975   23.0051     2.255    -2.902                                 KURHFS 
  4129.975   23.0051     2.255    -3.011                                 KURHFS 
  4129.975   23.0051     2.255    -3.596                                 KURHFS 
  4129.977      62.0     0.036     -2.14                                        
  4129.988   23.0051     2.255    -2.704                                 KURHFS 
  4129.988   23.0051     2.255    -2.989                                 KURHFS 
  4129.988   23.0051     2.255    -3.721                                 KURHFS 
  4129.997 106.00112     2.010    -4.335               3.466          CX25P175  
  4130.003   23.0051     2.255    -2.540                                 KURHFS 
  4130.003   23.0051     2.255    -3.043                                 KURHFS 
  4130.003   23.0051     2.255    -3.943                                 KURHFS 
  4130.010      26.0     4.368     -3.97                                        
  4130.019 607.01214     0.975    -4.320               7.724          0102Qd0455
  4130.021   23.0051     2.255    -2.399                                 KURHFS 
  4130.021   23.0051     2.255    -3.239                                 KURHFS 
  4130.021   23.0051     2.255    -4.353                                 KURHFS 
  4130.027 607.01214     1.336    -0.846               7.724          0405Ra0215
  4130.036      26.0     3.109     -2.77                                        
  4130.037      26.0     1.556     -4.51                                        
  4130.061      24.0     2.911     -1.97                                        
  4130.073 607.01214     1.336    -0.865               7.724          0405Rb0205
  4130.076 607.01214     1.999    -3.836               7.724          0708Qd0175
  4130.080      26.0     3.692     -3.94                                        
  4130.098 607.01214     1.336    -3.836               7.724          0405Qd0215
  4130.101 607.01214     1.999    -1.017               7.724          0708Ra0175
  4130.101 607.01214     1.999    -1.041               7.724          0708Rb0165
  4130.112      20.0     5.957     -4.53                                        
  4130.125 607.01314     1.675    -1.407               7.724          0607Ra0055
  4130.129   23.0051     1.217    -4.346                                 KURHFS 
  4130.130   23.0051     1.217    -4.346                                 KURHFS 
  4130.130   23.0051     1.217    -4.522                                 KURHFS 
  4130.132   23.0051     1.217    -4.182                                 KURHFS 
  4130.132   23.0051     1.217    -4.647                                 KURHFS 
  4130.132   23.0051     1.217    -4.772                                 KURHFS 
  4130.135   23.0051     1.217    -4.174                                 KURHFS 
  4130.135   23.0051     1.217    -4.208                                 KURHFS 
  4130.135   23.0051     1.217    -5.200                                 KURHFS 
  4130.138   23.0051     1.217    -3.925                                 KURHFS 
  4130.138   23.0051     1.217    -4.335                                 KURHFS 
  4130.141 607.01314     1.675    -1.480               7.724          0607Rb0045
  4130.142   23.0051     1.217    -3.709                                 KURHFS 
  4130.147 607.01314     1.675    -3.292               7.724          0607Qd0055
  4130.228 607.01214     1.522    -0.988               7.724          0506Ra0155
  4130.233 607.01214     0.911    -0.866               7.724          0001Ra0535
  4130.245   25.0055     2.918    -3.891                                 KURHFS 
  4130.245   25.0055     2.918    -4.669                                 KURHFS 
  4130.248   25.0055     2.918    -4.154                                 KURHFS 
  4130.248   25.0055     2.918    -4.506                                 KURHFS 
  4130.248   25.0055     2.918    -4.669                                 KURHFS 
  4130.250   25.0055     2.918    -4.485                                 KURHFS 
  4130.250   25.0055     2.918    -4.501                                 KURHFS 
  4130.250   25.0055     2.918    -4.506                                 KURHFS 
  4130.252   25.0055     2.918    -4.501                                 KURHFS 
  4130.252   25.0055     2.918    -4.603                                 KURHFS 
  4130.252   25.0055     2.918    -4.932                                 KURHFS 
  4130.253   25.0055     2.918    -4.603                                 KURHFS 
  4130.253   25.0055     2.918    -4.865                                 KURHFS 
  4130.253   25.0055     2.918    -4.865                                 KURHFS 
  4130.253   25.0055     2.918    -5.631                                 KURHFS 
  4130.277 106.00113     1.167    -5.874               3.466          CX03Q105  
  4130.292      24.0     3.110     -3.22                                        
  4130.309 607.01214     0.911    -0.874               7.724          0001Rb0525
  4130.312   23.0051     2.267    -2.413                                 KURHFS 
  4130.315   23.0051     2.267    -2.150                                 KURHFS 
  4130.315   23.0051     2.267    -2.346                                 KURHFS 
  4130.320   23.0051     2.267    -1.946                                 KURHFS 
  4130.320   23.0051     2.267    -2.150                                 KURHFS 
  4130.320   23.0051     2.267    -3.045                                 KURHFS 
  4130.326 607.01214     1.743    -1.072               7.724          0607Ra0135
  4130.329   23.0051     2.267    -1.776                                 KURHFS 
  4130.329   23.0051     2.267    -2.045                                 KURHFS 
  4130.329   23.0051     2.267    -2.890                                 KURHFS 
  4130.340      90.0     1.919      0.18                                        
  4130.341   23.0051     2.267    -1.630                                 KURHFS 
  4130.341   23.0051     2.267    -1.998                                 KURHFS 
  4130.341   23.0051     2.267    -2.890                                 KURHFS 
  4130.345 607.01214     2.321    -0.916               7.724          0809Ra0275
  4130.351      66.0     0.000     -1.10                                        
  4130.356   23.0051     2.267    -1.501                                 KURHFS 
  4130.356   23.0051     2.267    -2.004                                 KURHFS 
  4130.356   23.0051     2.267    -2.987                                 KURHFS 
  4130.362 106.00113     1.168    -5.819               3.466          CX03Q115  
  4130.366      64.1     0.731      0.14                                        
  4130.369 607.01214     1.522    -1.015               7.724          0506Rb0145
  4130.369 607.01214     1.742    -1.103               7.724          0607Rb0125
  4130.373   23.0051     2.267    -1.385                                 KURHFS 
  4130.373   23.0051     2.267    -2.077                                 KURHFS 
  4130.373   23.0051     2.267    -3.191                                 KURHFS 
  4130.374 607.01214     0.911    -4.619               7.724          0001Qd0535
  4130.384 607.01214     1.743    -3.676               7.724          0607Qd0135
  4130.387 607.01214     1.522    -3.706               7.724          0506Qd0155
  4130.394   23.0051     2.267    -1.280                                 KURHFS 
  4130.394   23.0051     2.267    -2.288                                 KURHFS 
  4130.394   23.0051     2.267    -3.589                                 KURHFS 
  4130.395      26.0     4.412     -2.93                                        
  4130.409 607.01214     2.321    -0.930               7.724          0809Rb0265
  4130.417 106.00112     2.060    -4.238               3.466          CX25P195  
  4130.432 607.01314     1.906    -1.334               7.724          0708Ra0075
  4130.436 607.01214     2.321    -4.110               7.724          0809Qd0275
  4130.438      26.0     4.652     -2.00                              PK15THEOR 
  4130.447 607.01314     1.455    -1.215               7.724          0506Ra0085
  4130.458      24.0     2.911     -2.75                                        
  4130.473 106.00112     1.760    -1.132               3.466          AX00R335  
  4130.481 607.01314     1.455    -1.263               7.724          0506Rb0075
  4130.490 607.01314     1.455    -3.444               7.724          0506Qd0085
  4130.494   27.0059     0.513    -2.923                                 KURHFS 
  4130.504   27.0059     0.513    -3.028                                 KURHFS 
  4130.507 607.01314     2.180    -1.067               7.724          0809Ra0175
  4130.514   27.0059     0.513    -3.144                                 KURHFS 
  4130.518      28.0     3.655     -2.70                                        
  4130.522   27.0059     0.513    -3.273                                 KURHFS 
  4130.530   27.0059     0.513    -3.419                                 KURHFS 
  4130.531   27.0059     0.513    -3.931                                 KURHFS 
  4130.536   27.0059     0.513    -3.720                                 KURHFS 
  4130.537   27.0059     0.513    -3.589                                 KURHFS 
  4130.541   27.0059     0.513    -3.647                                 KURHFS 
  4130.543   27.0059     0.513    -3.793                                 KURHFS 
  4130.545   27.0059     0.513    -3.641                                 KURHFS 
  4130.547 106.00112     2.060    -4.285               3.466          CX25P185  
  4130.549   27.0059     0.513    -3.688                                 KURHFS 
  4130.549   27.0059     0.513    -4.056                                 KURHFS 
  4130.551   27.0059     0.513    -3.793                                 KURHFS 
  4130.552   27.0059     0.513    -3.989                                 KURHFS 
  4130.553 106.00113     1.710    -5.342               3.466          CX03P225  
  4130.553 607.01314     2.180    -1.090               7.724          0809Rb0165
  4130.560   27.0059     0.513    -4.688                                 KURHFS 
  4130.562   27.0059     0.513    -4.533                                 KURHFS 
  4130.563   27.0059     0.513    -5.232                                 KURHFS 
  4130.564   27.0059     0.513    -4.533                                 KURHFS 
  4130.564   27.0059     0.513    -4.630                                 KURHFS 
  4130.564   27.0059     0.513    -4.834                                 KURHFS 
  4130.570 607.01314     2.180    -3.885               7.724          0809Qd0175
  4130.603 106.00112     1.760    -1.133               3.466          AX00R325  
  4130.647   56.1135     2.722    -0.680                              McWhfsNI/B
  4130.647   56.1137     2.722    -0.680                              McWhfsNI/B
  4130.648   56.1135     2.722    -0.358                              McWhfsNI/B
  4130.648   56.1135     2.722    -0.725                              McWhfsNI/B
  4130.648   56.1137     2.722    -0.358                              McWhfsNI/B
  4130.648   56.1137     2.722    -0.725                              McWhfsNI/B
  4130.649   56.1134     2.722     0.524                              McWhfsNI/B
  4130.649   56.1135     2.722    -0.108                              McWhfsNI/B
  4130.649   56.1135     2.722    -0.613                              McWhfsNI/B
  4130.649   56.1135     2.722    -1.677                              McWhfsNI/B
  4130.649   56.1136     2.722     0.524                              McWhfsNI/B
  4130.649   56.1137     2.722    -0.108                              McWhfsNI/B
  4130.649   56.1137     2.722    -0.613                              McWhfsNI/B
  4130.649   56.1137     2.722    -1.677                              McWhfsNI/B
  4130.649   56.1138     2.722     0.524                              McWhfsNI/B
  4130.649 607.01314     1.906    -3.463               7.724          0708Qd0075
  4130.650   56.1135     2.722     0.098                              McWhfsNI/B
  4130.650   56.1137     2.722     0.098                              McWhfsNI/B
  4130.651   56.1135     2.722    -0.710                              McWhfsNI/B
  4130.651   56.1135     2.722    -1.853                              McWhfsNI/B
  4130.651   56.1137     2.722    -0.710                              McWhfsNI/B
  4130.651   56.1137     2.722    -1.853                              McWhfsNI/B
  4130.660 106.00112     1.760    -3.795               3.466          AX00Q335  
  4130.662 607.01314     1.102    -0.797               7.724          0304Ra0245
  4130.663 607.01314     1.906    -1.389               7.724          0708Rb0065
  4130.681 106.00113     1.340    -5.307               3.466          AX54P 65  
  4130.705      58.1     0.560     -0.20                              Lawler09  
  4130.715      60.1     1.490     -0.35                                        
  4130.716 607.01314     1.102    -0.814               7.724          0304Rb0235
  4130.726 106.00113     1.751    -1.132               3.466          AX00R335  
  4130.730   27.0059     3.684    -3.961                                 KURHFS 
  4130.730   27.0059     3.684    -4.801                                 KURHFS 
  4130.730   27.0059     3.684    -5.915                                 KURHFS 
  4130.743 607.01314     1.102    -3.897               7.724          0304Qd0245
  4130.749 106.00113     1.710    -5.401               3.466          CX03P215  
  4130.785   27.0059     3.684    -4.102                                 KURHFS 
  4130.785   27.0059     3.684    -4.605                                 KURHFS 
  4130.785   27.0059     3.684    -5.505                                 KURHFS 
  4130.792 607.01314     1.259    -0.969               7.724          0405Ra0155
  4130.807 607.01314     1.673    -1.480               7.724          0607Ra0045
  4130.821 607.01314     1.259    -0.996               7.724          0405Rb0145
  4130.821 607.01314     1.673    -1.569               7.724          0607Rb0035
  4130.826 607.01314     1.673    -3.212               7.724          0607Qd0045
  4130.831   27.0059     3.684    -4.266                                 KURHFS 
  4130.831   27.0059     3.684    -4.551                                 KURHFS 
  4130.831   27.0059     3.684    -5.283                                 KURHFS 
  4130.838 607.01314     1.259    -3.687               7.724          0405Qd0155
  4130.858 106.00113     1.751    -1.133               3.466          AX00R325  
  4130.867   27.0059     3.684    -4.464                                 KURHFS 
  4130.867   27.0059     3.684    -4.573                                 KURHFS 
  4130.867   27.0059     3.684    -5.158                                 KURHFS 
  4130.868      58.1     0.739     -0.44                                BIEMONT 
  4130.871 106.00113     1.751    -3.795               3.466          AX00Q335  
  4130.885      27.1     3.116     -3.72                                        
  4130.893 607.01214     1.992    -1.041               7.724          0708Ra0165
  4130.895   27.0059     3.684    -4.664                                 KURHFS 
  4130.895   27.0059     3.684    -4.719                                 KURHFS 
  4130.895   27.0059     3.684    -5.107                                 KURHFS 
  4130.900 607.01214     1.992    -3.810               7.724          0708Qd0165
  4130.909 607.01214     1.992    -1.065               7.724          0708Rb0155
  4130.913   27.0059     3.684    -4.852                                 KURHFS 
  4130.913   27.0059     3.684    -5.107                                 KURHFS 
  4130.913   27.0059     3.684    -5.137                                 KURHFS 
  4130.930      20.0     5.923     -5.13                                        
  4130.934      20.0     5.827     -4.77                                        
  4130.998 106.00113     1.340    -5.328               3.466          AX54P 65  
  4131.002      90.0     0.966     -0.46                                        
  4131.030      66.1     1.460     -0.76                              Wickliff00
  4131.072 607.01314     1.903    -1.389               7.724          0708Ra0065
  4131.094      58.1     1.089     -0.32                                BIEMONT 
  4131.096      58.1     0.327     -0.53                                BIEMONT 
  4131.102      25.0     4.229      0.10                                        
  4131.133 607.01214     1.326    -0.865               7.724          0405Ra0205
  4131.133 607.01214     1.516    -1.015               7.724          0506Ra0145
  4131.158 106.00113     1.650    -4.889               3.466          CX14P165  
  4131.160      28.0     4.161     -1.44                                        
  4131.165      26.1     5.952     -4.16                                        
  4131.166      23.0     0.267     -2.69                              Law14nohfs
  4131.172 607.01214     1.737    -1.103               7.724          0607Ra0125
  4131.174 607.01214     2.310    -0.930               7.724          0809Ra0265
  4131.179 607.01214     1.326    -0.885               7.724          0405Rb0195
  4131.186 106.00113     1.650    -4.964               3.466          CX14P155  
  4131.202 607.01214     1.326    -3.816               7.724          0405Qd0205
  4131.209 607.01314     1.452    -1.263               7.724          0506Ra0075
  4131.212 607.01214     1.737    -1.136               7.724          0607Rb0115
  4131.226 607.01214     1.737    -3.644               7.724          0607Qd0125
  4131.241 607.01214     2.310    -0.944               7.724          0809Rb0255
  4131.245 607.01314     1.452    -1.318               7.724          0506Rb0065
  4131.245 607.01314     2.173    -1.091               7.724          0809Ra0165
  4131.248      22.0     2.295     -0.61                                        
  4131.250 607.01314     1.452    -3.392               7.724          0506Qd0075
  4131.267 607.01214     2.310    -4.093               7.724          0809Qd0265
  4131.294 607.01314     2.173    -1.115               7.724          0809Rb0155
  4131.299 607.01214     1.516    -1.043               7.724          0506Rb0135
  4131.309 607.01314     2.173    -3.860               7.724          0809Qd0165
  4131.315 607.01214     1.516    -3.678               7.724          0506Qd0145
  4131.325 607.01314     1.903    -3.404               7.724          0708Qd0065
  4131.329      22.0     2.229     -2.60                                        
  4131.345 607.01314     1.903    -1.451               7.724          0708Rb0055
  4131.357      24.0     3.842     -2.29                                        
  4131.380 106.00112     2.112    -4.193               3.466          CX25P205  
  4131.420      20.0     5.581     -4.43                                        
  4131.427      90.1     1.038     -1.25                                        
  4131.472 607.01314     1.671    -1.569               7.724          0607Ra0035
  4131.473      64.1     1.405     -0.10                                        
  4131.484      25.0     3.376     -1.80                                        
  4131.484 607.01314     1.671    -1.681               7.724          0607Rb0025
  4131.488 607.01314     1.671    -3.112               7.724          0607Qd0035
  4131.506      68.0     0.862      0.56                                        
  4131.519      41.0     1.504     -0.66                                        
  4131.525 106.00112     2.112    -4.237               3.466          CX25P195  
  4131.580      20.0     5.828     -3.32                                        
  4131.650      20.0     5.581     -3.39                                        
  4131.681 607.01314     1.901    -1.451               7.724          0708Ra0055
  4131.698 607.01214     1.985    -1.065               7.724          0708Ra0155
  4131.711 607.01214     1.985    -1.092               7.724          0708Rb0145
  4131.714 607.01214     1.985    -3.783               7.724          0708Qd0155
  4131.732 607.01314     1.253    -0.996               7.724          0405Ra0145
  4131.735      28.1     6.468     -7.25                                        
  4131.746      26.0     4.214     -1.85                                        
  4131.757 607.01314     1.253    -1.024               7.724          0405Rb0135
  4131.761 607.01214     0.955    -0.711               7.724          0102Ra0445
  4131.772 607.01314     1.253    -3.659               7.724          0405Qd0145
  4131.786   23.0051     1.944    -2.233                                 KURHFS 
  4131.789   23.0051     1.944    -2.233                                 KURHFS 
  4131.789   23.0051     1.944    -2.409                                 KURHFS 
  4131.795   23.0051     1.944    -2.069                                 KURHFS 
  4131.795   23.0051     1.944    -2.534                                 KURHFS 
  4131.795   23.0051     1.944    -2.659                                 KURHFS 
  4131.802   23.0051     1.944    -2.061                                 KURHFS 
  4131.802   23.0051     1.944    -2.095                                 KURHFS 
  4131.802   23.0051     1.944    -3.087                                 KURHFS 
  4131.809      23.1     4.700     -2.86                                        
  4131.810   23.0051     1.944    -1.812                                 KURHFS 
  4131.810   23.0051     1.944    -2.222                                 KURHFS 
  4131.814      25.0     4.357     -1.91                                        
  4131.821      20.0     6.030     -5.53                                        
  4131.821   23.0051     1.944    -1.596                                 KURHFS 
  4131.834 607.01214     0.955    -0.720               7.724          0102Rb0435
  4131.843 607.01314     1.092    -0.814               7.724          0304Ra0235
  4131.855      58.1     0.811     -1.31                                        
  4131.860      20.0     6.030     -4.20                                        
  4131.888 607.01214     0.955    -4.310               7.724          0102Qd0445
  4131.896 607.01314     1.092    -0.832               7.724          0304Rb0225
  4131.917      42.0     3.156     -0.36                              NIST/B    
  4131.922 607.01314     1.092    -3.879               7.724          0304Qd0235
  4131.935      26.0     3.417     -1.64                              DenHarto14
  4131.954 607.01314     1.449    -1.318               7.724          0506Ra0065
  4131.971      26.0     3.263     -1.45                                        
  4131.983 607.01314     1.449    -1.380               7.724          0506Rb0055
  4131.983 607.01314     2.167    -1.115               7.724          0809Ra0155
  4131.986      20.0     5.923     -2.48                                        
  4131.988 607.01314     1.901    -3.336               7.724          0708Qd0055
  4131.989   23.0051     1.217    -3.788                                 KURHFS 
  4131.990 607.01314     1.449    -3.333               7.724          0506Qd0065
  4131.991      23.0     0.286     -0.09                              Law14nohfs
  4131.991   23.0051     1.217    -3.788                                 KURHFS 
  4131.991   23.0051     1.217    -3.964                                 KURHFS 
  4131.993   23.0051     1.217    -3.624                                 KURHFS 
  4131.993   23.0051     1.217    -4.089                                 KURHFS 
  4131.993   23.0051     1.217    -4.214                                 KURHFS 
  4131.995   23.0051     1.217    -3.616                                 KURHFS 
  4131.995   23.0051     1.217    -3.650                                 KURHFS 
  4131.995   23.0051     1.217    -4.642                                 KURHFS 
  4131.997 607.01214     1.509    -1.043               7.724          0506Ra0135
  4131.998   23.0051     1.217    -3.367                                 KURHFS 
  4131.998   23.0051     1.217    -3.777                                 KURHFS 
  4131.998 607.01214     2.299    -0.944               7.724          0809Ra0255
  4132.000 607.01214     1.732    -1.136               7.724          0607Ra0115
  4132.002   23.0051     1.217    -3.151                                 KURHFS 
  4132.010      92.0     0.530     -0.39                                        
  4132.012 607.01314     1.901    -1.524               7.724          0708Rb0045
  4132.026      42.0     2.913     -1.39                                        
  4132.027 607.01314     2.167    -1.141               7.724          0809Rb0145
  4132.039 607.01214     1.732    -1.171               7.724          0607Rb0105
  4132.040 607.01314     2.167    -3.833               7.724          0809Qd0155
  4132.051 607.01214     1.732    -3.609               7.724          0607Qd0115
  4132.058      26.0     1.608     -0.68                              NIST/B+   
  4132.068 607.01214     2.299    -0.959               7.724          0809Rb0245
  4132.072   27.0059     1.048    -4.216                                 KURHFS 
  4132.072   27.0059     1.048    -4.471                                 KURHFS 
  4132.081 106.00112     0.838    -4.301               3.466          AX11R175  
  4132.085   27.0059     1.048    -4.017                                 KURHFS 
  4132.085   27.0059     1.048    -4.216                                 KURHFS 
  4132.085   27.0059     1.048    -6.124                                 KURHFS 
  4132.092 607.01214     2.299    -4.075               7.724          0809Qd0255
  4132.095 106.00112     1.704    -4.813               3.466          CX14P175  
  4132.104   27.0059     1.048    -3.953                                 KURHFS 
  4132.104   27.0059     1.048    -4.017                                 KURHFS 
  4132.104   27.0059     1.048    -4.881                                 KURHFS 
  4132.124 607.01314     1.670    -1.681               7.724          0607Ra0025
  4132.124 607.01314     1.670    -1.836               7.724          0607Rb0015
  4132.130   27.0059     1.048    -3.953                                 KURHFS 
  4132.130   27.0059     1.048    -3.984                                 KURHFS 
  4132.130   27.0059     1.048    -4.164                                 KURHFS 
  4132.133 607.01314     1.670    -2.982               7.724          0607Qd0025
  4132.142   27.0059     3.565    -4.551                                 KURHFS 
  4132.146   27.0059     3.565    -4.266                                 KURHFS 
  4132.146   27.0059     3.565    -4.521                                 KURHFS 
  4132.154   27.0059     3.565    -4.078                                 KURHFS 
  4132.154   27.0059     3.565    -4.521                                 KURHFS 
  4132.154   27.0059     3.565    -4.572                                 KURHFS 
  4132.159      24.0     3.077     -1.98                                        
  4132.161   27.0059     1.048    -3.758                                 KURHFS 
  4132.161   27.0059     1.048    -3.984                                 KURHFS 
  4132.161   27.0059     1.048    -4.165                                 KURHFS 
  4132.165   27.0059     3.565    -3.987                                 KURHFS 
  4132.165   27.0059     3.565    -4.133                                 KURHFS 
  4132.165   27.0059     3.565    -4.697                                 KURHFS 
  4132.169       3.0     1.846     -6.12                                        
  4132.177 106.00112     1.704    -4.887               3.466          CX14P165  
  4132.180   27.0059     3.565    -3.878                                 KURHFS 
  4132.180   27.0059     3.565    -3.965                                 KURHFS 
  4132.180   27.0059     3.565    -4.919                                 KURHFS 
  4132.193      59.1     0.204     -1.00                                        
  4132.199   27.0059     1.048    -3.466                                 KURHFS 
  4132.199   27.0059     1.048    -4.165                                 KURHFS 
  4132.199   27.0059     3.565    -3.680                                 KURHFS 
  4132.199   27.0059     3.565    -4.019                                 KURHFS 
  4132.199   27.0059     3.565    -5.329                                 KURHFS 
  4132.207      74.0     2.456     -0.54                                        
  4132.211 607.01214     1.509    -1.074               7.724          0506Rb0125
  4132.217      24.0     3.119     -2.90                                        
  4132.219      21.0     2.000     -2.87                                        
  4132.219 607.01214     1.317    -0.886               7.724          0405Ra0195
  4132.221   27.0059     3.565    -3.516                                 KURHFS 
  4132.221   27.0059     3.565    -4.215                                 KURHFS 
  4132.225 607.01214     1.509    -3.647               7.724          0506Qd0135
  4132.232      42.0     2.258     -1.52                                        
  4132.248   27.0059     3.565    -3.375                                 KURHFS 
  4132.254 607.01314     1.899    -1.524               7.724          0708Ra0045
  4132.260      64.1     0.601     -0.15                              DenHarto06
  4132.263 607.01214     1.317    -0.907               7.724          0405Rb0185
  4132.286 607.01214     1.317    -3.794               7.724          0405Qd0195
  4132.301      25.0     5.516     -0.41                                        
  4132.315      58.1     0.708     -0.68                              Lawler09  
  4132.353      26.0     3.684     -3.73                                        
  4132.380 106.00113     0.555    -1.960               3.466          BX11P105  
  4132.382 607.01214     0.887    -0.874               7.724          0001Ra0525
  4132.411      24.1     3.758     -2.48                              Lawler17  
  4132.423      56.0     0.000     -2.00                                        
  4132.427      20.0     6.031     -1.65                                        
  4132.457 106.00112     1.667    -1.133               3.466          AX00R325  
  4132.457 607.01214     0.887    -0.882               7.724          0001Rb0515
  4132.487      23.0     2.682     -3.76                                        
  4132.491      22.0     2.287     -3.00                                        
  4132.505 607.01214     1.978    -1.092               7.724          0708Ra0145
  4132.505 607.01214     1.978    -1.120               7.724          0708Rb0135
  4132.518 607.01214     1.978    -3.755               7.724          0708Qd0145
  4132.521 607.01214     0.887    -4.612               7.724          0001Qd0525
  4132.525      20.0     2.930     -1.58                                        
  4132.533      26.0     4.253     -0.73                                        
  4132.550      22.0     2.693     -0.91                                        
  4132.550      60.1     0.471     -1.09                              DenHarto03
  4132.562       3.0     1.846     -1.04                                        
  4132.582 106.00112     1.667    -1.136               3.466          AX00R315  
  4132.600 106.00113     0.555    -1.955               3.466          BX11P115  
  4132.618       3.0     1.846     -0.78                                        
  4132.619       3.0     1.846     -1.74                                        
  4132.626      58.1     0.822     -0.74                              Lawler09  
  4132.636 607.01314     1.899    -3.256               7.724          0708Qd0045
  4132.639 106.00112     1.667    -3.778               3.466          AX00Q325  
  4132.643 607.01314     0.811    -0.890               7.724          0001Rb0495
  4132.647 607.01314     1.247    -1.024               7.724          0405Ra0135
  4132.652      26.0     4.073     -3.90                                        
  4132.662 607.01314     1.899    -1.613               7.724          0708Rb0035
  4132.672 607.01314     1.247    -1.055               7.724          0405Rb0125
  4132.677 607.01314     1.446    -1.380               7.724          0506Ra0055
  4132.679 106.00113     1.713    -4.868               3.466          AX32Q255  
  4132.686 607.01314     1.247    -3.629               7.724          0405Qd0135
  4132.692      69.1     2.419     -0.13                                        
  4132.703 607.01314     0.811    -4.587               7.724          0001Qd0505
  4132.706 607.01314     1.446    -1.454               7.724          0506Rb0045
  4132.706 607.01314     2.161    -1.141               7.724          0809Ra0145
  4132.711      26.0     4.151     -1.93                                        
  4132.711 607.01314     1.446    -3.266               7.724          0506Qd0055
  4132.717 106.00113     1.713    -2.753               3.466          AX32P265  
  4132.721      68.1     0.891     -2.32                              Lawler08  
  4132.753      90.1     1.203     -0.60                                        
  4132.755 607.01314     1.669    -1.836               7.724          0607Ra0015
  4132.755 607.01314     1.669    -2.091               7.724          0607Rb0005
  4132.755 607.01314     2.161    -1.169               7.724          0809Rb0135
  4132.757 607.01214     1.504    -1.074               7.724          0506Ra0125
  4132.762 607.01314     1.669    -2.790               7.724          0607Qd0015
  4132.763 607.01314     2.161    -3.804               7.724          0809Qd0145
  4132.799 607.01314     1.897    -1.613               7.724          0708Ra0035
  4132.806 106.00113     1.713    -2.864               3.466          AX32P255  
  4132.813 607.01214     1.727    -1.172               7.724          0607Ra0105
  4132.816 607.01214     2.288    -0.959               7.724          0809Ra0245
  4132.832 106.00113     1.659    -1.133               3.466          AX00R325  
  4132.840      66.1     1.650     -0.81                              Wickliff00
  4132.849 607.01214     1.727    -1.211               7.724          0607Rb0095
  4132.855 106.00113     0.835    -4.300               3.466          AX11R175  
  4132.860 607.01214     1.727    -3.570               7.724          0607Qd0105
  4132.882      23.0     1.063     -2.28                              Law14nohfs
  4132.888 607.01214     2.288    -0.974               7.724          0809Rb0235
  4132.899      26.0     2.845     -1.01                              NIST/B    
  4132.912 607.01214     2.288    -4.056               7.724          0809Qd0245
  4132.925 106.00112     2.166    -4.152               3.466          CX25P215  
  4132.943      26.0     1.607     -5.31                                        
  4132.959 106.00113     1.659    -1.136               3.466          AX00R315  
  4132.976 106.00113     1.659    -3.778               3.466          AX00Q325  
  4132.981      21.0     1.942      0.19                                        
  4133.002      22.0     2.235     -6.50                                        
  4133.003 607.01314     1.082    -0.832               7.724          0304Ra0225
  4133.008      42.0     2.834     -1.52                                        
  4133.039      25.0     4.662     -3.14                                        
  4133.048   23.0051     1.868    -4.221                                 KURHFS 
  4133.048   23.0051     1.868    -4.242                                 KURHFS 
  4133.048   23.0051     1.868    -4.367                                 KURHFS 
  4133.054 607.01314     1.082    -0.851               7.724          0304Rb0215
  4133.066   23.0051     2.364    -5.926                                 KURHFS 
  4133.067   23.0051     2.364    -5.663                                 KURHFS 
  4133.067   23.0051     2.364    -5.859                                 KURHFS 
  4133.068   23.0051     2.364    -5.459                                 KURHFS 
  4133.068   23.0051     2.364    -5.663                                 KURHFS 
  4133.068   23.0051     2.364    -6.558                                 KURHFS 
  4133.069   23.0051     2.364    -5.289                                 KURHFS 
  4133.069   23.0051     2.364    -5.558                                 KURHFS 
  4133.069   23.0051     2.364    -6.403                                 KURHFS 
  4133.072   23.0051     2.364    -5.143                                 KURHFS 
  4133.072   23.0051     2.364    -5.511                                 KURHFS 
  4133.072   23.0051     2.364    -6.403                                 KURHFS 
  4133.074   23.0051     2.364    -5.014                                 KURHFS 
  4133.074   23.0051     2.364    -5.517                                 KURHFS 
  4133.074   23.0051     2.364    -6.500                                 KURHFS 
  4133.077   23.0051     2.364    -4.898                                 KURHFS 
  4133.077   23.0051     2.364    -5.590                                 KURHFS 
  4133.077   23.0051     2.364    -6.704                                 KURHFS 
  4133.079 607.01314     1.082    -3.860               7.724          0304Qd0225
  4133.081   23.0051     1.868    -3.900                                 KURHFS 
  4133.081   23.0051     1.868    -4.221                                 KURHFS 
  4133.081   23.0051     1.868    -4.698                                 KURHFS 
  4133.081   23.0051     2.364    -4.793                                 KURHFS 
  4133.081   23.0051     2.364    -5.801                                 KURHFS 
  4133.081   23.0051     2.364    -7.102                                 KURHFS 
  4133.085 106.00112     2.166    -4.193               3.466          CX25P205  
  4133.102 607.01214     1.504    -1.107               7.724          0506Rb0115
  4133.116 607.01214     1.504    -3.615               7.724          0506Qd0125
  4133.166 106.00113     1.747    -2.045               3.466          AX54R175  
  4133.170      62.1     0.248     -1.67                              Lawler06  
  4133.201      92.1     0.717     -1.09                                        
  4133.201 106.00113     1.748    -2.001               3.466          AX54R185  
  4133.242 106.00113     1.748    -4.239               3.466          AX54Q185  
  4133.252      24.0     3.814     -2.21                                        
  4133.270 607.01314     1.897    -3.156               7.724          0708Qd0035
  4133.284 607.01214     1.309    -0.907               7.724          0405Ra0185
  4133.289 607.01314     1.897    -1.725               7.724          0708Rb0025
  4133.296 607.01214     1.972    -1.120               7.724          0708Ra0135
  4133.296 607.01214     1.972    -1.150               7.724          0708Rb0125
  4133.310 607.01214     1.972    -3.724               7.724          0708Qd0135
  4133.327 607.01214     1.309    -0.929               7.724          0405Rb0175
  4133.348 607.01214     1.309    -3.772               7.724          0405Qd0185
  4133.350      60.1     0.320     -0.49                              DenHarto03
  4133.353      66.1     1.528     -0.31                                        
  4133.370 607.01314     1.669    -2.091               7.724          0607Ra0005
  4133.374 607.01314     1.669    -2.392               7.724          0607Qd0005
  4133.386 607.01314     1.444    -1.454               7.724          0506Ra0045
  4133.407 607.01314     1.444    -1.542               7.724          0506Rb0035
  4133.412 607.01314     1.444    -3.185               7.724          0506Qd0045
  4133.424 607.01314     2.155    -1.169               7.724          0809Ra0135
  4133.425      75.0     2.020     -0.62                                        
  4133.435      27.0     2.875     -2.54                              Lawler15  
  4133.464 607.01314     2.155    -1.200               7.724          0809Rb0125
  4133.477 607.01314     2.155    -3.773               7.724          0809Qd0135
  4133.481      74.0     2.420     -0.32                                        
  4133.491      92.0     0.000     -0.76                                        
  4133.543 607.01314     1.241    -1.055               7.724          0405Ra0125
  4133.555      24.0     2.913     -9.03                                        
  4133.566 607.01314     1.241    -1.088               7.724          0405Rb0115
  4133.580 607.01314     1.241    -3.596               7.724          0405Qd0125
  4133.584      21.0     1.994     -4.37                                        
  4133.603      26.0     4.206     -1.33                                        
  4133.608 106.00112     1.171    -5.874               3.466          CX03Q105  
  4133.608 607.01214     0.935    -0.720               7.724          0102Ra0435
  4133.609 607.01214     1.722    -1.211               7.724          0607Ra0095
  4133.629 607.01214     2.278    -0.974               7.724          0809Ra0235
  4133.632      20.0     5.960     -6.96                                        
  4133.642 607.01214     1.722    -1.254               7.724          0607Rb0085
  4133.652 607.01214     1.722    -3.529               7.724          0607Qd0095
  4133.681 607.01214     0.935    -0.730               7.724          0102Rb0425
  4133.696 106.00112     1.171    -5.819               3.466          CX03Q115  
  4133.703 607.01214     2.278    -0.991               7.724          0809Rb0225
  4133.725 607.01214     2.278    -4.037               7.724          0809Qd0235
  4133.733 607.01214     0.935    -4.301               7.724          0102Qd0435
  4133.734      23.0     2.576     -1.90                                        
  4133.739      26.0     3.692     -4.76                                        
  4133.745      26.0     4.415     -4.05     -7.11                    PKA17thr  
  4133.760 106.00112     0.557    -1.960               3.466          BX11P105  
  4133.762 106.00112     0.840    -4.248               3.466          AX11R175  
  4133.770   23.0051     1.050    -2.419                                 KURHFS 
  4133.770   23.0051     1.050    -2.635                                 KURHFS 
  4133.770   23.0051     1.050    -2.884                                 KURHFS 
  4133.770   23.0051     1.050    -2.892                                 KURHFS 
  4133.770   23.0051     1.050    -2.918                                 KURHFS 
  4133.770   23.0051     1.050    -3.045                                 KURHFS 
  4133.770   23.0051     1.050    -3.056                                 KURHFS 
  4133.770   23.0051     1.050    -3.056                                 KURHFS 
  4133.770   23.0051     1.050    -3.232                                 KURHFS 
  4133.770   23.0051     1.050    -3.357                                 KURHFS 
  4133.770   23.0051     1.050    -3.482                                 KURHFS 
  4133.770   23.0051     1.050    -3.910                                 KURHFS 
  4133.773 106.00113     0.639    -4.507               3.466          BX00P185  
  4133.794      58.1     0.516      0.30                                BIEMONT 
  4133.801      58.1     0.863      0.37                                BIEMONT 
  4133.824 607.01314     1.896    -1.725               7.724          0708Ra0025
  4133.849      66.0     1.238      0.60                                        
  4133.856      26.0     3.368     -1.13                              DenHarto14
  4133.862      26.0     4.253     -3.58                                        
  4133.890 607.01314     1.896    -1.880               7.724          0708Rb0015
  4133.890 607.01314     1.896    -3.026               7.724          0708Qd0025
  4133.923      42.0     3.736    -10.00                                        
  4133.934 607.01214     1.498    -1.107               7.724          0506Ra0115
  4133.975 607.01214     1.498    -1.143               7.724          0506Rb0105
  4133.981 106.00112     0.557    -1.955               3.466          BX11P115  
  4133.988 607.01214     1.498    -3.580               7.724          0506Qd0115
  4133.996      26.0     4.309     -1.87                                        
